"City","Excess heat factor","RRfit","RRlow","RRhigh"
"Melbourne",-84.8,-3.99678813381837,-27.7874836182451,27.6318448715853
"Melbourne",-84.7,-3.9914767872036,-27.7505400900011,27.5806980562134
"Melbourne",-84.6,-3.98616515476994,-27.7135778261493,27.5295720061509
"Melbourne",-84.5,-3.98085324233545,-27.6765968951298,27.4784668346045
"Melbourne",-84.4,-3.97554105571951,-27.6395973655374,27.4273826545891
"Melbourne",-84.3,-3.97022860074276,-27.6025793061213,27.3763195789281
"Melbourne",-84.2,-3.96491588322715,-27.5655427857856,27.3252777202531
"Melbourne",-84.1,-3.95960290899591,-27.5284878735896,27.2742571910044
"Melbourne",-84,-3.95428968387355,-27.4914146387477,27.2232581034313
"Melbourne",-83.9,-3.94897621368588,-27.4543231506297,27.1722805695921
"Melbourne",-83.8,-3.94366250426003,-27.4172134787611,27.1213247013544
"Melbourne",-83.7,-3.93834856142437,-27.3800856928231,27.0703906103953
"Melbourne",-83.6,-3.93303439100858,-27.3429398626531,27.0194784082015
"Melbourne",-83.5,-3.92771999884368,-27.3057760582444,26.9685882060697
"Melbourne",-83.4,-3.9224053907619,-27.2685943497468,26.9177201151064
"Melbourne",-83.3,-3.91709057259682,-27.2313948074668,26.8668742462286
"Melbourne",-83.2,-3.91177555018327,-27.1941775018675,26.8160507101639
"Melbourne",-83.1,-3.90646032935742,-27.1569425035689,26.7652496174501
"Melbourne",-83,-3.9011449159567,-27.1196898833482,26.7144710784365
"Melbourne",-82.9,-3.89582931581984,-27.0824197121399,26.6637152032829
"Melbourne",-82.8,-3.89051353478685,-27.0451320610359,26.612982101961
"Melbourne",-82.7,-3.88519757869907,-27.0078270012859,26.5622718842535
"Melbourne",-82.6,-3.87988145339908,-26.9705046042974,26.511584659755
"Melbourne",-82.5,-3.87456516473079,-26.933164941636,26.4609205378722
"Melbourne",-82.4,-3.8692487185394,-26.8958080850253,26.4102796278237
"Melbourne",-82.3,-3.86393212067138,-26.8584341063475,26.3596620386405
"Melbourne",-82.2,-3.85861537697451,-26.8210430776434,26.3090678791663
"Melbourne",-82.1,-3.85329849329786,-26.7836350711125,26.2584972580575
"Melbourne",-82,-3.84798147549181,-26.7462101591132,26.2079502837834
"Melbourne",-81.9,-3.84266432940801,-26.7087684141629,26.1574270646267
"Melbourne",-81.8,-3.83734706089941,-26.6713099089387,26.1069277086833
"Melbourne",-81.7,-3.83202967582024,-26.6338347162767,26.056452323863
"Melbourne",-81.6,-3.82671218002606,-26.5963429091729,26.0060010178892
"Melbourne",-81.5,-3.82139457937368,-26.5588345607831,25.9555738982996
"Melbourne",-81.4,-3.81607687972124,-26.521309744423,25.905171072446
"Melbourne",-81.3,-3.81075908692815,-26.4837685335686,25.854792647495
"Melbourne",-81.2,-3.80544120685513,-26.4462110018561,25.8044387304277
"Melbourne",-81.1,-3.80012324536417,-26.4086372230823,25.7541094280403
"Melbourne",-81,-3.7948052083186,-26.3710472712046,25.703804846944
"Melbourne",-80.9,-3.78948710158298,-26.3334412203414,25.6535250935657
"Melbourne",-80.8,-3.7841689310232,-26.2958191447719,25.6032702741478
"Melbourne",-80.7,-3.77885070250646,-26.2581811189368,25.5530404947485
"Melbourne",-80.6,-3.77353242190124,-26.2205272174377,25.5028358612421
"Melbourne",-80.5,-3.76821409507728,-26.1828575150383,25.4526564793195
"Melbourne",-80.4,-3.76289572790567,-26.1451720866635,25.4025024544878
"Melbourne",-80.3,-3.75757732625874,-26.1074710074003,25.3523738920711
"Melbourne",-80.2,-3.75225889601017,-26.0697543524976,25.3022708972104
"Melbourne",-80.1,-3.7469404430349,-26.0320221973666,25.2521935748639
"Melbourne",-80,-3.74162197320914,-25.9942746175809,25.2021420298075
"Melbourne",-79.9,-3.73630349241046,-25.9565116888763,25.1521163666347
"Melbourne",-79.8,-3.73098500651768,-25.9187334871517,25.1021166897568
"Melbourne",-79.7,-3.72566652141091,-25.8809400884684,25.0521431034034
"Melbourne",-79.6,-3.72034804297157,-25.8431315690511,25.0021957116227
"Melbourne",-79.5,-3.71502957708237,-25.8053080052873,24.9522746182811
"Melbourne",-79.4,-3.70971112962732,-25.7674694737281,24.9023799270644
"Melbourne",-79.3,-3.70439270649172,-25.7296160510879,24.8525117414772
"Melbourne",-79.2,-3.69907431356216,-25.6917478142448,24.8026701648435
"Melbourne",-79.1,-3.69375595672652,-25.6538648402405,24.7528553003071
"Melbourne",-79,-3.68843764187398,-25.615967206281,24.7030672508314
"Melbourne",-78.9,-3.68311937489503,-25.5780549897359,24.6533061192001
"Melbourne",-78.8,-3.67780116168143,-25.5401282681396,24.603572008017
"Melbourne",-78.7,-3.67248300812623,-25.5021871191904,24.5538650197068
"Melbourne",-78.6,-3.66716492012381,-25.4642316207515,24.5041852565147
"Melbourne",-78.5,-3.6618469035698,-25.4262618508506,24.4545328205071
"Melbourne",-78.4,-3.65652896436116,-25.3882778876802,24.4049078135718
"Melbourne",-78.3,-3.65121110839612,-25.3502798095981,24.355310337418
"Melbourne",-78.2,-3.64589334157422,-25.3122676951269,24.3057404935768
"Melbourne",-78.1,-3.64057566979629,-25.2742416229547,24.2561983834014
"Melbourne",-78,-3.63525809896443,-25.236201671935,24.2066841080671
"Melbourne",-77.9,-3.62994063498208,-25.1981479210868,24.1571977685719
"Melbourne",-77.8,-3.62462328375391,-25.160080449595,24.1077394657366
"Melbourne",-77.7,-3.61930605118596,-25.1219993368102,24.0583093002051
"Melbourne",-77.6,-3.61398894318549,-25.0839046622491,24.0089073724444
"Melbourne",-77.5,-3.6086719656611,-25.0457965055945,23.9595337827454
"Melbourne",-77.4,-3.60335512452269,-25.0076749466956,23.9101886312224
"Melbourne",-77.3,-3.5980384256814,-24.9695400655681,23.8608720178141
"Melbourne",-77.2,-3.59272187504973,-24.931391942394,23.8115840422833
"Melbourne",-77.1,-3.58740547854142,-24.8932306575222,23.7623248042176
"Melbourne",-77,-3.58208924207151,-24.8550562914686,23.7130944030292
"Melbourne",-76.9,-3.57677317155637,-24.8168689249158,23.6638929379555
"Melbourne",-76.8,-3.57145727291363,-24.7786686387137,23.6147205080593
"Melbourne",-76.7,-3.56614155206222,-24.7404555138795,23.5655772122289
"Melbourne",-76.6,-3.56082601492236,-24.7022296315977,23.5164631491786
"Melbourne",-76.5,-3.55551066741556,-24.6639910732203,23.4673784174486
"Melbourne",-76.4,-3.55019551546465,-24.6257399202672,23.4183231154058
"Melbourne",-76.3,-3.54488056499371,-24.5874762544258,23.3692973412434
"Melbourne",-76.2,-3.53956582192814,-24.5492001575516,23.3203011929819
"Melbourne",-76.1,-3.53425129219462,-24.510911711668,23.2713347684686
"Melbourne",-76,-3.52893698172113,-24.4726109989669,23.2223981653785
"Melbourne",-75.9,-3.52362289643693,-24.4342981018082,23.1734914812143
"Melbourne",-75.8,-3.51830904227258,-24.3959731027203,23.1246148133064
"Melbourne",-75.7,-3.51299542515995,-24.3576360844003,23.0757682588138
"Melbourne",-75.6,-3.50768205103216,-24.3192871297139,23.0269519147237
"Melbourne",-75.5,-3.50236892582364,-24.2809263216955,22.9781658778523
"Melbourne",-75.4,-3.49705605547013,-24.2425537435487,22.9294102448447
"Melbourne",-75.3,-3.49174344590862,-24.204169478646,22.8806851121754
"Melbourne",-75.2,-3.48643110307745,-24.165773610529,22.8319905761485
"Melbourne",-75.1,-3.48111903291618,-24.1273662229086,22.7833267328976
"Melbourne",-75,-3.47580724136572,-24.0889473996655,22.734693678387
"Melbourne",-74.9,-3.47049573436824,-24.0505172248493,22.686091508411
"Melbourne",-74.8,-3.4651845178672,-24.0120757826799,22.6375203185947
"Melbourne",-74.7,-3.45987359780736,-23.9736231575465,22.588980204394
"Melbourne",-74.6,-3.45456298013477,-23.9351594340083,22.5404712610962
"Melbourne",-74.5,-3.44925267079674,-23.8966846967947,22.4919935838199
"Melbourne",-74.4,-3.44394267574193,-23.8581990308049,22.4435472675157
"Melbourne",-74.3,-3.43863300092022,-23.8197025211087,22.3951324069661
"Melbourne",-74.2,-3.43332365228284,-23.7811952529458,22.3467490967859
"Melbourne",-74.1,-3.42801463578226,-23.7426773117266,22.2983974314224
"Melbourne",-74,-3.42270595737226,-23.7041487830321,22.250077505156
"Melbourne",-73.9,-3.41739762300792,-23.6656097526138,22.2017894121002
"Melbourne",-73.8,-3.41208963864559,-23.6270603063942,22.1535332462017
"Melbourne",-73.7,-3.40678201024289,-23.5885005304663,22.1053091012412
"Melbourne",-73.6,-3.40147474375878,-23.5499305110945,22.0571170708332
"Melbourne",-73.5,-3.39616784515347,-23.511350334714,22.0089572484266
"Melbourne",-73.4,-3.39086132038846,-23.4727600879313,21.9608297273048
"Melbourne",-73.3,-3.38555517542655,-23.4341598575242,21.912734600586
"Melbourne",-73.2,-3.38024941623181,-23.3955497304417,21.8646719612235
"Melbourne",-73.1,-3.37494404876959,-23.3569297938047,21.8166419020061
"Melbourne",-73,-3.36963907900657,-23.3183001349053,21.7686445155583
"Melbourne",-72.9,-3.36433451291067,-23.2796608412074,21.7206798943404
"Melbourne",-72.8,-3.35903035645113,-23.2410120003468,21.6727481306492
"Melbourne",-72.7,-3.35372661559843,-23.202353700131,21.6248493166179
"Melbourne",-72.6,-3.34842329632439,-23.1636860285397,21.5769835442166
"Melbourne",-72.5,-3.34312040460206,-23.1250090737244,21.5291509052523
"Melbourne",-72.4,-3.33781794640584,-23.086322924009,21.4813514913698
"Melbourne",-72.3,-3.33251592771134,-23.0476276678894,21.4335853940513
"Melbourne",-72.2,-3.32721435449552,-23.0089233940342,21.3858527046172
"Melbourne",-72.1,-3.32191323273658,-22.9702101912842,21.3381535142259
"Melbourne",-72,-3.31661256841402,-22.9314881486526,21.2904879138746
"Melbourne",-71.9,-3.31131236750863,-22.8927573553254,21.2428559943993
"Melbourne",-71.8,-3.30601263600248,-22.8540179006613,21.1952578464752
"Melbourne",-71.7,-3.30071337987889,-22.8152698741918,21.1476935606169
"Melbourne",-71.6,-3.29541460512253,-22.776513365621,21.1001632271787
"Melbourne",-71.5,-3.29011631771928,-22.7377484648263,21.052666936355
"Melbourne",-71.4,-3.28481852365635,-22.6989752618579,21.0052047781805
"Melbourne",-71.3,-3.27952122892222,-22.6601938469391,20.9577768425306
"Melbourne",-71.2,-3.27422443950663,-22.6214043104667,20.9103832191214
"Melbourne",-71.1,-3.26892816140064,-22.5826067430102,20.8630239975106
"Melbourne",-71,-3.26363240059656,-22.5438012353131,20.815699267097
"Melbourne",-70.9,-3.25833716308799,-22.5049878782917,20.7684091171215
"Melbourne",-70.8,-3.2530424548698,-22.4661667630362,20.721153636667
"Melbourne",-70.7,-3.24774828193817,-22.4273379808103,20.6739329146589
"Melbourne",-70.6,-3.24245465029052,-22.3885016230513,20.626747039865
"Melbourne",-70.5,-3.23716156592557,-22.3496577813701,20.5795961008966
"Melbourne",-70.4,-3.23186903484333,-22.3108065475516,20.5324801862079
"Melbourne",-70.3,-3.22657706304507,-22.2719480135543,20.485399384097
"Melbourne",-70.2,-3.22128565653332,-22.233082271511,20.4383537827056
"Melbourne",-70.1,-3.21599482131194,-22.194209413728,20.3913434700199
"Melbourne",-70,-3.21070456338602,-22.155329532686,20.3443685338705
"Melbourne",-69.9,-3.20541488876196,-22.1164427210397,20.2974290619328
"Melbourne",-69.8,-3.20012580344741,-22.0775490716181,20.2505251417274
"Melbourne",-69.7,-3.1948373134513,-22.0386486774242,20.2036568606202
"Melbourne",-69.6,-3.18954942478386,-21.9997416316356,20.156824305823
"Melbourne",-69.5,-3.18426214345657,-21.960828027604,20.1100275643936
"Melbourne",-69.4,-3.1789754754822,-21.9219079588557,20.063266723236
"Melbourne",-69.3,-3.17368942687478,-21.8829815190914,20.0165418691009
"Melbourne",-69.2,-3.16840400364964,-21.8440488021864,19.9698530885863
"Melbourne",-69.1,-3.16311921182334,-21.8051099021905,19.9232004681368
"Melbourne",-69,-3.15783505741376,-21.7661649133283,19.8765840940453
"Melbourne",-68.9,-3.15255154644003,-21.7272139299989,19.8300040524521
"Melbourne",-68.8,-3.14726868492257,-21.6882570467763,19.7834604293459
"Melbourne",-68.7,-3.14198647888303,-21.6492943584092,19.7369533105638
"Melbourne",-68.6,-3.13670493434438,-21.6103259598214,19.6904827817917
"Melbourne",-68.5,-3.13142405733084,-21.5713519461112,19.6440489285648
"Melbourne",-68.4,-3.12614385386791,-21.5323724125522,19.5976518362676
"Melbourne",-68.3,-3.12086432998235,-21.4933874545927,19.5512915901344
"Melbourne",-68.2,-3.1155854917022,-21.4543971678564,19.5049682752494
"Melbourne",-68.1,-3.11030734505675,-21.4154016481417,19.4586819765475
"Melbourne",-68,-3.10502989607658,-21.3764009914223,19.4124327788141
"Melbourne",-67.9,-3.09975315079355,-21.3373952938472,19.3662207666854
"Melbourne",-67.8,-3.09447711524076,-21.2983846517403,19.3200460246494
"Melbourne",-67.7,-3.08920179545259,-21.259369161601,19.2739086370452
"Melbourne",-67.6,-3.08392719746469,-21.2203489201038,19.2278086880643
"Melbourne",-67.5,-3.07865332731398,-21.1813240240986,19.1817462617502
"Melbourne",-67.4,-3.07338019103863,-21.1422945706106,19.135721441999
"Melbourne",-67.3,-3.06810779467811,-21.1032606568406,19.0897343125598
"Melbourne",-67.2,-3.06283614427312,-21.0642223801644,19.0437849570349
"Melbourne",-67.1,-3.05756524586565,-21.0251798381335,18.9978734588801
"Melbourne",-67,-3.05229510549894,-20.986133128475,18.951999901405
"Melbourne",-66.9,-3.04702572921749,-20.9470823490912,18.9061643677734
"Melbourne",-66.8,-3.04175712306709,-20.9080275980601,18.8603669410037
"Melbourne",-66.7,-3.03648929309478,-20.8689689736353,18.814607703969
"Melbourne",-66.6,-3.03122224534885,-20.8299065742458,18.7688867393975
"Melbourne",-66.5,-3.02595598587887,-20.7908404984963,18.723204129873
"Melbourne",-66.4,-3.02069052073567,-20.7517708451671,18.677559957835
"Melbourne",-66.3,-3.01542585597133,-20.7126977132143,18.631954305579
"Melbourne",-66.2,-3.01016199763922,-20.6736212017693,18.586387255257
"Melbourne",-66.1,-3.00489895179391,-20.6345414101396,18.5408588888777
"Melbourne",-66,-2.99963672449132,-20.5954584378081,18.495369288307
"Melbourne",-65.9,-2.99437532178853,-20.5563723844335,18.4499185352681
"Melbourne",-65.8,-2.98911474974397,-20.5172833498503,18.4045067113419
"Melbourne",-65.7,-2.98385501441727,-20.4781914340685,18.3591338979673
"Melbourne",-65.6,-2.97859612186934,-20.4390967372741,18.3138001764416
"Melbourne",-65.5,-2.97333807816234,-20.3999993598288,18.2685056279208
"Melbourne",-65.4,-2.96808088935968,-20.36089940227,18.2232503334199
"Melbourne",-65.3,-2.96282456152607,-20.3217969653109,18.1780343738133
"Melbourne",-65.2,-2.95756910072742,-20.2826921498404,18.132857829835
"Melbourne",-65.1,-2.95231451303093,-20.2435850569233,18.087720782079
"Melbourne",-65,-2.94706080450503,-20.2044757878002,18.0426233109996
"Melbourne",-64.9,-2.94180798121944,-20.1653644438874,17.9975654969117
"Melbourne",-64.8,-2.93655604924509,-20.1262511267769,17.9525474199915
"Melbourne",-64.7,-2.93130501465421,-20.0871359382367,17.907569160276
"Melbourne",-64.6,-2.92605488352023,-20.0480189802104,17.8626307976643
"Melbourne",-64.5,-2.92080566191789,-20.0089003548176,17.8177324119173
"Melbourne",-64.4,-2.91555735592314,-19.9697801643533,17.772874082658
"Melbourne",-64.3,-2.91030997161319,-19.9306585112887,17.7280558893722
"Melbourne",-64.2,-2.90506351506652,-19.8915354982705,17.6832779114089
"Melbourne",-64.1,-2.89981799236283,-19.8524112281211,17.6385402279799
"Melbourne",-64,-2.8945734095831,-19.8132858038388,17.593842918161
"Melbourne",-63.9,-2.88932977280952,-19.7741593285976,17.5491860608918
"Melbourne",-63.8,-2.88408708812559,-19.7350319057471,17.5045697349762
"Melbourne",-63.7,-2.87884536161597,-19.6959036388128,17.4599940190828
"Melbourne",-63.6,-2.87360459936665,-19.6567746314955,17.4154589917451
"Melbourne",-63.5,-2.86836480746483,-19.6176449876721,17.3709647313617
"Melbourne",-63.4,-2.86312599199895,-19.5785148113949,17.3265113161973
"Melbourne",-63.3,-2.8578881590587,-19.5393842068919,17.2820988243821
"Melbourne",-63.2,-2.85265131473503,-19.5002532785666,17.2377273339128
"Melbourne",-63.1,-2.84741546512012,-19.4611221309981,17.1933969226527
"Melbourne",-63,-2.8421806163074,-19.4219908689413,17.149107668332
"Melbourne",-62.9,-2.83694677439152,-19.3828595973262,17.1048596485483
"Melbourne",-62.8,-2.83171394546843,-19.3437284212587,17.0606529407668
"Melbourne",-62.7,-2.82648213563524,-19.3045974460198,17.0164876223208
"Melbourne",-62.6,-2.82125135099037,-19.2654667770662,16.9723637704115
"Melbourne",-62.5,-2.81602159763346,-19.2263365200299,16.9282814621093
"Melbourne",-62.4,-2.81079288166536,-19.1872067807183,16.8842407743532
"Melbourne",-62.3,-2.8055652091882,-19.148077665114,16.8402417839518
"Melbourne",-62.2,-2.80033858630532,-19.1089492793752,16.796284567583
"Melbourne",-62.1,-2.79511301912132,-19.069821729835,16.7523692017951
"Melbourne",-62,-2.78988851374203,-19.030695123002,16.7084957630065
"Melbourne",-61.9,-2.78466507627451,-18.9915695655597,16.6646643275064
"Melbourne",-61.8,-2.77944271282704,-18.9524451643671,16.6208749714549
"Melbourne",-61.7,-2.77422142950918,-18.9133220264579,16.5771277708837
"Melbourne",-61.6,-2.76900123243169,-18.8742002590412,16.5334228016959
"Melbourne",-61.5,-2.76378212770656,-18.8350799695007,16.489760139667
"Melbourne",-61.4,-2.75856412144705,-18.7959612653954,16.4461398604445
"Melbourne",-61.3,-2.7533472197676,-18.756844254459,16.402562039549
"Melbourne",-61.2,-2.74813142878393,-18.7177290446001,16.359026752374
"Melbourne",-61.1,-2.74291675461297,-18.6786157439022,16.3155340741863
"Melbourne",-61,-2.73770320337288,-18.6395044606233,16.2720840801267
"Melbourne",-60.9,-2.73249078118303,-18.6003953031962,16.2286768452099
"Melbourne",-60.8,-2.72727949416407,-18.5612883802284,16.1853124443254
"Melbourne",-60.7,-2.72206934843783,-18.5221838005018,16.1419909522369
"Melbourne",-60.6,-2.71686035012738,-18.483081672973,16.0987124435838
"Melbourne",-60.5,-2.71165250535705,-18.4439821067728,16.0554769928808
"Melbourne",-60.4,-2.70644582025235,-18.4048852112066,16.0122846745182
"Melbourne",-60.3,-2.70124030094003,-18.3657910957539,15.9691355627628
"Melbourne",-60.2,-2.69603595354808,-18.3266998700686,15.9260297317578
"Melbourne",-60.1,-2.6908327842057,-18.2876116439786,15.8829672555232
"Melbourne",-60,-2.68563079904331,-18.2485265274862,15.8399482079562
"Melbourne",-59.9,-2.68043000419257,-18.2094446307673,15.7969726628317
"Melbourne",-59.8,-2.67523040578634,-18.1703660641722,15.7540406938025
"Melbourne",-59.7,-2.67003200995872,-18.1312909382246,15.7111523743994
"Melbourne",-59.6,-2.66483482284502,-18.0922193636225,15.6683077780321
"Melbourne",-59.5,-2.65963885058177,-18.0531514512373,15.625506977989
"Melbourne",-59.4,-2.65444409930672,-18.0140873121141,15.5827500474381
"Melbourne",-59.3,-2.64925057515885,-17.9750270574716,15.5400370594267
"Melbourne",-59.2,-2.64405828427832,-17.9359707987019,15.4973680868824
"Melbourne",-59.1,-2.63886723280655,-17.8969186473706,15.454743202613
"Melbourne",-59,-2.63367742688616,-17.8578707152165,15.4121624793068
"Melbourne",-58.9,-2.62848887266098,-17.8188271141518,15.3696259895336
"Melbourne",-58.8,-2.62330157627606,-17.7797879562615,15.3271338057441
"Melbourne",-58.7,-2.61811554387765,-17.740753353804,15.2846860002711
"Melbourne",-58.6,-2.61293078161324,-17.7017234192103,15.2422826453293
"Melbourne",-58.5,-2.6077472956315,-17.6626982650845,15.199923813016
"Melbourne",-58.4,-2.60256509208234,-17.6236780042034,15.157609575311
"Melbourne",-58.3,-2.59738417711686,-17.5846627495163,15.1153400040777
"Melbourne",-58.2,-2.59220455688738,-17.5456526141452,15.0731151710626
"Melbourne",-58.1,-2.58702623754741,-17.5066477113845,15.0309351478962
"Melbourne",-58,-2.5818492252517,-17.467648154701,14.9888000060931
"Melbourne",-57.9,-2.57667352615619,-17.4286540577337,14.9467098170527
"Melbourne",-57.8,-2.57149914641801,-17.3896655342937,14.9046646520591
"Melbourne",-57.7,-2.56632609219554,-17.350682698364,14.8626645822816
"Melbourne",-57.6,-2.5611543696483,-17.3117056640999,14.8207096787754
"Melbourne",-57.5,-2.55598398493708,-17.2727345458282,14.7788000124813
"Melbourne",-57.4,-2.55081494422383,-17.2337694580474,14.7369356542267
"Melbourne",-57.3,-2.54564725367172,-17.1948105154277,14.6951166747256
"Melbourne",-57.2,-2.54048091944511,-17.1558578328106,14.6533431445789
"Melbourne",-57.1,-2.53531594770958,-17.1169115252091,14.611615134275
"Melbourne",-57,-2.53015234463188,-17.0779717078074,14.5699327141901
"Melbourne",-56.9,-2.52499011637999,-17.0390384959607,14.5282959545883
"Melbourne",-56.8,-2.51982926912306,-17.0001120051952,14.4867049256223
"Melbourne",-56.7,-2.51466980903146,-16.961192351208,14.4451596973335
"Melbourne",-56.6,-2.50951174227674,-16.9222796498668,14.4036603396525
"Melbourne",-56.5,-2.50435507503166,-16.8833740172101,14.3622069223995
"Melbourne",-56.4,-2.49919981347015,-16.8444755694467,14.3207995152844
"Melbourne",-56.3,-2.49404596376738,-16.8055844229558,14.2794381879074
"Melbourne",-56.2,-2.48889353209966,-16.7667006942867,14.2381230097594
"Melbourne",-56.1,-2.48374252464452,-16.7278245001588,14.1968540502219
"Melbourne",-56,-2.47859294758066,-16.6889559574615,14.155631378568
"Melbourne",-55.9,-2.47344480708801,-16.650095183254,14.1144550639624
"Melbourne",-55.8,-2.46829810934766,-16.6112422947648,14.0733251754617
"Melbourne",-55.7,-2.46315286054187,-16.5723974093924,14.032241782015
"Melbourne",-55.6,-2.45800906685414,-16.5335606447043,13.9912049524639
"Melbourne",-55.5,-2.45286673446912,-16.4947321184374,13.9502147555434
"Melbourne",-55.4,-2.44772586957264,-16.4559119484974,13.9092712598816
"Melbourne",-55.3,-2.44258647835173,-16.4171002529591,13.8683745340007
"Melbourne",-55.2,-2.4374485669946,-16.3782971500662,13.8275246463168
"Melbourne",-55.1,-2.43231214169066,-16.3395027582306,13.7867216651406
"Melbourne",-55,-2.42717720863047,-16.3007171960329,13.7459656586778
"Melbourne",-54.9,-2.42204377400578,-16.261940582222,13.7052566950291
"Melbourne",-54.8,-2.41691184400955,-16.2231730357149,13.6645948421909
"Melbourne",-54.7,-2.41178142483587,-16.1844146755964,13.6239801680556
"Melbourne",-54.6,-2.40665252268005,-16.1456656211193,13.5834127404119
"Melbourne",-54.5,-2.40152514373856,-16.106925991704,13.5428926269449
"Melbourne",-54.4,-2.39639929420903,-16.0681959069383,13.5024198952372
"Melbourne",-54.3,-2.3912749802903,-16.0294754865773,13.4619946127684
"Melbourne",-54.2,-2.38615220818237,-15.9907648505433,13.4216168469159
"Melbourne",-54.1,-2.3810309840864,-15.9520641189255,13.3812866649554
"Melbourne",-54,-2.37591131420473,-15.9133734119799,13.3410041340609
"Melbourne",-53.9,-2.37079320474088,-15.8746928501291,13.3007693213052
"Melbourne",-53.8,-2.36567666189954,-15.8360225539621,13.2605822936604
"Melbourne",-53.7,-2.36056169188654,-15.7973626442342,13.220443117998
"Melbourne",-53.6,-2.35544830090895,-15.7587132418668,13.1803518610897
"Melbourne",-53.5,-2.35033649517491,-15.720074467947,13.140308589607
"Melbourne",-53.4,-2.3452262808938,-15.6814464437278,13.1003133701224
"Melbourne",-53.3,-2.34011766427614,-15.6428292906276,13.0603662691094
"Melbourne",-53.2,-2.33501065153362,-15.6042231302301,13.0204673529426
"Melbourne",-53.1,-2.32990524887908,-15.5656280842842,12.9806166878984
"Melbourne",-53,-2.32480146252655,-15.5270442747037,12.9408143401554
"Melbourne",-52.9,-2.31969929869119,-15.4884718235671,12.9010603757945
"Melbourne",-52.8,-2.31459876358935,-15.4499108531175,12.8613548607996
"Melbourne",-52.7,-2.30949986343851,-15.4113614857623,12.8216978610574
"Melbourne",-52.6,-2.30440260445733,-15.3728238440731,12.7820894423583
"Melbourne",-52.5,-2.29930699286562,-15.3342980507853,12.7425296703968
"Melbourne",-52.4,-2.29421303488435,-15.2957842287981,12.7030186107714
"Melbourne",-52.3,-2.28912073673565,-15.2572825011743,12.6635563289852
"Melbourne",-52.2,-2.28403010464278,-15.21879299114,12.6241428904463
"Melbourne",-52.1,-2.27894114483018,-15.1803158220842,12.5847783604682
"Melbourne",-52,-2.27385386352343,-15.141851117559,12.5454628042701
"Melbourne",-51.9,-2.26876826694928,-15.1033990012792,12.5061962869771
"Melbourne",-51.8,-2.26368436133559,-15.0649595971218,12.4669788736209
"Melbourne",-51.7,-2.25860215291142,-15.0265330291264,12.4278106291399
"Melbourne",-51.6,-2.25352164790693,-14.9881194214943,12.3886916183796
"Melbourne",-51.5,-2.24844285255347,-14.9497188985887,12.3496219060932
"Melbourne",-51.4,-2.24336577308349,-14.9113315849344,12.3106015569415
"Melbourne",-51.3,-2.23829041573063,-14.8729576052175,12.2716306354936
"Melbourne",-51.2,-2.23321678672965,-14.8345970842853,12.2327092062275
"Melbourne",-51.1,-2.22814489231645,-14.7962501471459,12.1938373335297
"Melbourne",-51,-2.22307473872809,-14.757916918968,12.1550150816963
"Melbourne",-50.9,-2.21800633220276,-14.7195975250808,12.1162425149331
"Melbourne",-50.8,-2.21293967897978,-14.6812920909736,12.0775196973557
"Melbourne",-50.7,-2.20787478529961,-14.6430007422957,12.0388466929905
"Melbourne",-50.6,-2.20281165740387,-14.604723604856,12.0002235657744
"Melbourne",-50.5,-2.1977503015353,-14.566460804623,11.9616503795554
"Melbourne",-50.4,-2.19269072393777,-14.5282124677243,11.9231271980932
"Melbourne",-50.3,-2.1876329308563,-14.4899787204464,11.8846540850592
"Melbourne",-50.2,-2.18257692853702,-14.4517596892345,11.8462311040371
"Melbourne",-50.1,-2.17752272322721,-14.4135555006925,11.8078583185233
"Melbourne",-50,-2.17247032117528,-14.3753662815822,11.7695357919269
"Melbourne",-49.9,-2.16741972863077,-14.3371921588235,11.7312635875706
"Melbourne",-49.8,-2.16237095184433,-14.2990332594938,11.6930417686905
"Melbourne",-49.7,-2.15732399706776,-14.2608897108282,11.654870398437
"Melbourne",-49.6,-2.15227887055398,-14.2227616402188,11.6167495398748
"Melbourne",-49.5,-2.14723557855703,-14.1846491752145,11.5786792559833
"Melbourne",-49.4,-2.14219412733206,-14.1465524435211,11.5406596096571
"Melbourne",-49.3,-2.13715452313539,-14.1084715730004,11.5026906637064
"Melbourne",-49.2,-2.1321167722244,-14.0704066916706,11.4647724808571
"Melbourne",-49.1,-2.12708088085765,-14.0323579277055,11.4269051237515
"Melbourne",-49,-2.12204685529477,-13.9943254094346,11.3890886549482
"Melbourne",-48.9,-2.11701470179653,-13.9563092653426,11.3513231369231
"Melbourne",-48.8,-2.11198442662482,-13.918309624069,11.3136086320692
"Melbourne",-48.7,-2.10695603604265,-13.8803266144083,11.2759452026973
"Melbourne",-48.6,-2.10192953631413,-13.8423603653092,11.238332911036
"Melbourne",-48.5,-2.09690493370448,-13.8044110058747,11.2007718192327
"Melbourne",-48.4,-2.09188223448005,-13.7664786653613,11.1632619893532
"Melbourne",-48.3,-2.08686144490829,-13.7285634731794,11.1258034833827
"Melbourne",-48.2,-2.08184257125776,-13.6906655588926,11.0883963632257
"Melbourne",-48.1,-2.07682561979815,-13.6527850522172,11.0510406907066
"Melbourne",-48,-2.07181059680022,-13.6149220830224,11.0137365275701
"Melbourne",-47.9,-2.06679750853584,-13.5770767813297,10.9764839354815
"Melbourne",-47.8,-2.06178636127804,-13.5392492773126,10.9392829760269
"Melbourne",-47.7,-2.05677716130088,-13.5014397012964,10.9021337107139
"Melbourne",-47.6,-2.05176991487958,-13.4636481837579,10.8650362009715
"Melbourne",-47.5,-2.04676462829042,-13.4258748553249,10.827990508151
"Melbourne",-47.4,-2.04176130781081,-13.388119846776,10.790996693526
"Melbourne",-47.3,-2.03675995971924,-13.3503832890405,10.7540548182929
"Melbourne",-47.2,-2.0317605902953,-13.3126653131978,10.717164943571
"Melbourne",-47.1,-2.02676320581969,-13.2749660504772,10.6803271304034
"Melbourne",-47,-2.02176781257419,-13.2372856322573,10.6435414397569
"Melbourne",-46.9,-2.01677441684169,-13.1996241900664,10.6068079325224
"Melbourne",-46.8,-2.01178302490617,-13.1619818555812,10.5701266695155
"Melbourne",-46.7,-2.00679364305267,-13.1243587606274,10.5334977114767
"Melbourne",-46.6,-2.00180627756735,-13.0867550371787,10.4969211190719
"Melbourne",-46.5,-1.99682093473748,-13.0491708173567,10.4603969528924
"Melbourne",-46.4,-1.99183762085137,-13.0116062334309,10.4239252734557
"Melbourne",-46.3,-1.98685634219843,-12.9740614178175,10.3875061412056
"Melbourne",-46.2,-1.98187710506917,-12.9365365030801,10.3511396165127
"Melbourne",-46.1,-1.9768999157552,-12.8990316219286,10.3148257596746
"Melbourne",-46,-1.97192478054916,-12.8615469072192,10.2785646309164
"Melbourne",-45.9,-1.96695170574482,-12.8240824919539,10.2423562903911
"Melbourne",-45.8,-1.961980697637,-12.7866385092803,10.2062007981798
"Melbourne",-45.7,-1.95701176252162,-12.7492150924911,10.170098214292
"Melbourne",-45.6,-1.95204490669565,-12.7118123750239,10.1340485986664
"Melbourne",-45.5,-1.94708013645718,-12.6744304904608,10.0980520111707
"Melbourne",-45.4,-1.94211745810532,-12.6370695725277,10.0621085116022
"Melbourne",-45.3,-1.9371568779403,-12.5997297550945,10.0262181596884
"Melbourne",-45.2,-1.9321984022634,-12.5624111721745,9.99038101508689
"Melbourne",-45.1,-1.92724203737697,-12.5251139579239,9.95459713738616
"Melbourne",-45,-1.92228778958445,-12.4878382466416,9.91886658610557
"Melbourne",-44.9,-1.91733566519032,-12.4505841727686,9.88318942069601
"Melbourne",-44.8,-1.91238567050014,-12.4133518708881,9.84756570054006
"Melbourne",-44.7,-1.90743781182053,-12.3761414757245,9.81199548495244
"Melbourne",-44.6,-1.90249209545921,-12.3389531221435,9.77647883318036
"Melbourne",-44.5,-1.8975485277249,-12.3017869451517,9.7410158044039
"Melbourne",-44.4,-1.89260711492742,-12.2646430798957,9.70560645773626
"Melbourne",-44.3,-1.88766786337765,-12.2275216616624,9.67025085222422
"Melbourne",-44.2,-1.88273077938753,-12.1904228258783,9.63494904684852
"Melbourne",-44.1,-1.87779586927005,-12.1533467081088,9.59970110052406
"Melbourne",-44,-1.87286313933924,-12.1162934440586,9.56450707210046
"Melbourne",-43.9,-1.86793259591023,-12.0792631695703,9.52936702036224
"Melbourne",-43.8,-1.86300424529915,-12.0422560206248,9.49428100402934
"Melbourne",-43.7,-1.85807809382321,-12.0052721333407,9.45924908175724
"Melbourne",-43.6,-1.85315414780068,-11.9683116439736,9.42427131213757
"Melbourne",-43.5,-1.84823241355088,-11.931374688916,9.38934775369833
"Melbourne",-43.4,-1.84331289739413,-11.8944614046968,9.35447846490427
"Melbourne",-43.3,-1.83839560565185,-11.8575719279809,9.31966350415723
"Melbourne",-43.2,-1.8334805446465,-11.8207063955687,9.28490292979649
"Melbourne",-43.1,-1.82856772070156,-11.7838649443959,9.25019680009918
"Melbourne",-43,-1.82365714014155,-11.7470477115326,9.21554517328051
"Melbourne",-42.9,-1.81874880929207,-11.7102548341837,9.1809481074943
"Melbourne",-42.8,-1.81384273447972,-11.6734864496876,9.14640566083318
"Melbourne",-42.7,-1.80893892203216,-11.6367426955162,9.11191789132897
"Melbourne",-42.6,-1.80403737827806,-11.6000237092746,9.0774848569531
"Melbourne",-42.5,-1.79913810954715,-11.5633296287004,9.04310661561689
"Melbourne",-42.4,-1.79424112217019,-11.5266605916632,9.00878322517198
"Melbourne",-42.3,-1.78934642247899,-11.4900167361647,8.97451474341053
"Melbourne",-42.2,-1.78445401680635,-11.4533982003374,8.94030122806573
"Melbourne",-42.1,-1.77956391148612,-11.4168051224451,8.9061427368121
"Melbourne",-42,-1.77467611285319,-11.3802376408815,8.87203932726575
"Melbourne",-41.9,-1.76979062724345,-11.3436958941706,8.83799105698486
"Melbourne",-41.8,-1.76490746099385,-11.3071800209658,8.80399798346998
"Melbourne",-41.7,-1.76002662044233,-11.2706901600494,8.77006016416431
"Melbourne",-41.6,-1.75514811192787,-11.2342264503325,8.73617765645416
"Melbourne",-41.5,-1.75027194179048,-11.1977890308539,8.70235051766917
"Melbourne",-41.4,-1.74539811637116,-11.1613780407805,8.66857880508278
"Melbourne",-41.3,-1.74052664201195,-11.1249936194061,8.6348625759125
"Melbourne",-41.2,-1.7356575250559,-11.0886359061513,8.60120188732028
"Melbourne",-41.1,-1.73079077184709,-11.0523050405629,8.56759679641286
"Melbourne",-41,-1.72592638873058,-11.0160011623134,8.53404736024204
"Melbourne",-40.9,-1.72106438205248,-10.9797244112007,8.50055363580515
"Melbourne",-40.8,-1.71620475815988,-10.9434749271475,8.46711568004535
"Melbourne",-40.7,-1.71134752340089,-10.9072528502006,8.43373354985182
"Melbourne",-40.6,-1.70649268412464,-10.8710583205308,8.40040730206038
"Melbourne",-40.5,-1.70164024668125,-10.8348914784324,8.3671369934536
"Melbourne",-40.4,-1.69679021742184,-10.7987524643221,8.33392268076121
"Melbourne",-40.3,-1.69194260269855,-10.7626414187394,8.30076442066052
"Melbourne",-40.2,-1.68709740886452,-10.7265584823453,8.26766226977664
"Melbourne",-40.1,-1.68225464227387,-10.6905037959224,8.23461628468285
"Melbourne",-40,-1.67741430928176,-10.654477500374,8.20162652190102
"Melbourne",-39.9,-1.67257641624428,-10.6184797367238,8.1686930379018
"Melbourne",-39.8,-1.66774096951858,-10.5825106461153,8.13581588910515
"Melbourne",-39.7,-1.66290797546277,-10.5465703698112,8.10299513188044
"Melbourne",-39.6,-1.65807744043597,-10.5106590491933,8.07023082254701
"Melbourne",-39.5,-1.65324937079826,-10.4747768257613,8.03752301737435
"Melbourne",-39.4,-1.64842377291076,-10.4389238411328,8.00487177258251
"Melbourne",-39.3,-1.64360065313552,-10.4031002370428,7.97227714434243
"Melbourne",-39.2,-1.63878001783563,-10.3673061553427,7.9397391887762
"Melbourne",-39.1,-1.63396187337512,-10.3315417380003,7.9072579619575
"Melbourne",-39,-1.62914622611903,-10.2958071270989,7.87483351991185
"Melbourne",-38.9,-1.62433308243337,-10.2601024648369,7.84246591861699
"Melbourne",-38.8,-1.61952244868514,-10.2244278935272,7.81015521400314
"Melbourne",-38.7,-1.61471433124231,-10.1887835555968,7.77790146195345
"Melbourne",-38.6,-1.60990873647381,-10.1531695935862,7.74570471830416
"Melbourne",-38.5,-1.60510567074958,-10.1175861501486,7.71356503884508
"Melbourne",-38.4,-1.60030514044052,-10.0820333680498,7.68148247931983
"Melbourne",-38.3,-1.5955071519185,-10.0465113901671,7.64945709542626
"Melbourne",-38.2,-1.59071171155634,-10.0110203594892,7.6174889428166
"Melbourne",-38.1,-1.58591882572786,-9.97556041911559,7.58557807709794
"Melbourne",-38,-1.58112850080784,-9.94013171225559,7.5537245538325
"Melbourne",-37.9,-1.57634074317201,-9.90473438222818,7.52192842853798
"Melbourne",-37.8,-1.57155555919709,-9.86936857246129,7.4901897566878
"Melbourne",-37.7,-1.56677295526073,-9.83403442649122,7.45850859371153
"Melbourne",-37.6,-1.56199293774156,-9.79873208796206,7.42688499499511
"Melbourne",-37.5,-1.55721551301917,-9.76346170062508,7.39531901588122
"Melbourne",-37.4,-1.5524406874741,-9.72822340833821,7.36381071166963
"Melbourne",-37.3,-1.54766846748786,-9.69301735506539,7.3323601376174
"Melbourne",-37.2,-1.54289885944289,-9.65784368487602,7.30096734893932
"Melbourne",-37.1,-1.5381318697226,-9.62270254194428,7.26963240080822
"Melbourne",-37,-1.53336750471136,-9.58759407054865,7.23835534835513
"Melbourne",-36.9,-1.52860577079446,-9.55251841507122,7.20713624666978
"Melbourne",-36.8,-1.52384667435815,-9.51747571999709,7.1759751508008
"Melbourne",-36.7,-1.51909022178964,-9.48246612991377,7.14487211575607
"Melbourne",-36.6,-1.51433641947708,-9.4474897895106,7.11382719650302
"Melbourne",-36.5,-1.50958527380954,-9.41254684357804,7.08284044796894
"Melbourne",-36.4,-1.50483679117707,-9.37763743700718,7.05191192504129
"Melbourne",-36.3,-1.50009097797061,-9.34276171478898,7.02104168256799
"Melbourne",-36.2,-1.49534784058208,-9.30791982201371,6.9902297753577
"Melbourne",-36.1,-1.49060738540432,-9.27311190387032,6.95947625818025
"Melbourne",-36,-1.48586961883109,-9.23833810564579,6.92878118576676
"Melbourne",-35.9,-1.48113454725711,-9.20359857272446,6.89814461281009
"Melbourne",-35.8,-1.47640217707802,-9.16889345058747,6.86756659396501
"Melbourne",-35.7,-1.47167251469038,-9.13422288481198,6.83704718384868
"Melbourne",-35.6,-1.46694556649168,-9.09958702107066,6.80658643704071
"Melbourne",-35.5,-1.46222133888034,-9.06498600513098,6.77618440808372
"Melbourne",-35.4,-1.45749983825572,-9.03041998285445,6.74584115148333
"Melbourne",-35.3,-1.45278107101806,-8.99588910019613,6.71555672170878
"Melbourne",-35.2,-1.44806504356857,-8.96139350320387,6.68533117319297
"Melbourne",-35.1,-1.44335176230934,-8.92693333801762,6.65516456033284
"Melbourne",-35,-1.4386412336434,-8.89250875086882,6.62505693748972
"Melbourne",-34.9,-1.43393346397468,-8.85811988807964,6.59500835898952
"Melbourne",-34.8,-1.42922845970804,-8.82376689606241,6.56501887912304
"Melbourne",-34.7,-1.42452622724923,-8.78944992131881,6.53508855214631
"Melbourne",-34.6,-1.41982677300494,-8.75516911043929,6.50521743228079
"Melbourne",-34.5,-1.41513010338274,-8.72092461010229,6.47540557371373
"Melbourne",-34.4,-1.41043622479112,-8.68671656707357,6.44565303059843
"Melbourne",-34.3,-1.40574514363948,-8.65254512820556,6.41595985705443
"Melbourne",-34.2,-1.40105686633811,-8.61841044043655,6.38632610716796
"Melbourne",-34.1,-1.39637139929821,-8.58431265079012,6.35675183499202
"Melbourne",-34,-1.39168874893187,-8.55025190637425,6.32723709454686
"Melbourne",-33.9,-1.3870089216521,-8.51622835438077,6.29778193982002
"Melbourne",-33.8,-1.38233192387277,-8.48224214208453,6.26838642476684
"Melbourne",-33.7,-1.37765776200869,-8.4482934168427,6.23905060331054
"Melbourne",-33.6,-1.37298644247551,-8.41438232609409,6.20977452934257
"Melbourne",-33.5,-1.36831797168983,-8.38050901735832,6.18055825672292
"Melbourne",-33.4,-1.36365235606908,-8.34667363823516,6.15140183928027
"Melbourne",-33.3,-1.35898960203161,-8.31287633640377,6.12230533081233
"Melbourne",-33.2,-1.35432971599666,-8.27911725962189,6.09326878508609
"Melbourne",-33.1,-1.34967270438434,-8.24539655572521,6.06429225583811
"Melbourne",-33,-1.34501857361564,-8.21171437262648,6.03537579677464
"Melbourne",-32.9,-1.34036733011245,-8.17807085831482,6.00651946157209
"Melbourne",-32.8,-1.3357189802975,-8.144466160855,5.97772330387709
"Melbourne",-32.7,-1.33107353059443,-8.11090042838655,5.94898737730682
"Melbourne",-32.6,-1.32643098742774,-8.07737380912306,5.92031173544927
"Melbourne",-32.5,-1.32179135722281,-8.04388645135145,5.89169643186354
"Melbourne",-32.4,-1.31715464640589,-8.01043850343104,5.86314152007985
"Melbourne",-32.3,-1.3125208614041,-7.97703011379292,5.83464705360015
"Melbourne",-32.2,-1.3078900086454,-7.94366143093905,5.80621308589802
"Melbourne",-32.1,-1.30326209455865,-7.91033260344154,5.77783967041909
"Melbourne",-32,-1.29863712557358,-7.87704377994174,5.74952686058126
"Melbourne",-31.9,-1.29401510812074,-7.84379510914958,5.7212747097749
"Melbourne",-31.8,-1.28939604863156,-7.81058673984263,5.69308327136306
"Melbourne",-31.7,-1.28477995353834,-7.77741882086534,5.66495259868178
"Melbourne",-31.6,-1.28016682927423,-7.74429150112823,5.63688274504022
"Melbourne",-31.5,-1.27555668227323,-7.71120492960705,5.60887376372101
"Melbourne",-31.4,-1.27094951897018,-7.6781592553419,5.5809257079803
"Melbourne",-31.3,-1.26634534580078,-7.64515462743649,5.55303863104815
"Melbourne",-31.2,-1.26174416920161,-7.61219119505724,5.52521258612864
"Melbourne",-31.1,-1.25714599561003,-7.57926910743243,5.49744762640016
"Melbourne",-31,-1.25255083146432,-7.54638851385138,5.46974380501555
"Melbourne",-30.9,-1.24795868320353,-7.51354956366353,5.44210117510233
"Melbourne",-30.8,-1.2433695572676,-7.48075240627772,5.414519789763
"Melbourne",-30.7,-1.2387834600973,-7.44799719116115,5.38699970207503
"Melbourne",-30.6,-1.23420039813423,-7.41528406783859,5.35954096509137
"Melbourne",-30.5,-1.22962037782083,-7.38261318589156,5.33214363184036
"Melbourne",-30.4,-1.22504340560036,-7.34998469495737,5.30480775532609
"Melbourne",-30.3,-1.22046948791692,-7.3173987447282,5.27753338852854
"Melbourne",-30.2,-1.21589863121544,-7.28485548495031,5.25032058440378
"Melbourne",-30.1,-1.21133084194168,-7.25235506542312,5.22316939588419
"Melbourne",-30,-1.20676612654225,-7.21989763599823,5.19607987587858
"Melbourne",-29.9,-1.20220449146451,-7.18748334657857,5.16905207727247
"Melbourne",-29.8,-1.19764594315672,-7.15511234711751,5.14208605292814
"Melbourne",-29.7,-1.19309048806792,-7.12278478761784,5.11518185568491
"Melbourne",-29.6,-1.18853813264798,-7.09050081813101,5.0883395383593
"Melbourne",-29.5,-1.18398888334756,-7.05826058875602,5.06155915374515
"Melbourne",-29.4,-1.17944274661819,-7.02606424963859,5.03484075461387
"Melbourne",-29.3,-1.17489972891215,-6.99391195097019,5.00818439371449
"Melbourne",-29.2,-1.17035983668258,-6.9618038429871,4.9815901237739
"Melbourne",-29.1,-1.16582307638338,-6.92974007596944,4.95505799749705
"Melbourne",-29,-1.16128945446928,-6.89772080024023,4.928588067567
"Melbourne",-28.9,-1.15675897739584,-6.8657461661644,4.90218038664512
"Melbourne",-28.8,-1.15223165161938,-6.83381632414781,4.87583500737121
"Melbourne",-28.7,-1.14770748359705,-6.80193142463635,4.84955198236379
"Melbourne",-28.6,-1.14318647978676,-6.77009161811484,4.82333136421993
"Melbourne",-28.5,-1.13866864664727,-6.73829705510612,4.79717320551578
"Melbourne",-28.4,-1.13415399063808,-6.70654788617002,4.77107755880632
"Melbourne",-28.3,-1.12964251821952,-6.67484426190241,4.74504447662585
"Melbourne",-28.2,-1.12513423585269,-6.64318633293407,4.71907401148777
"Melbourne",-28.1,-1.12062914999949,-6.61157424992979,4.69316621588496
"Melbourne",-28,-1.11612726712259,-6.58000816358731,4.6673211422898
"Melbourne",-27.9,-1.11162859368547,-6.54848822463633,4.64153884315428
"Melbourne",-27.8,-1.10713313615235,-6.51701458383735,4.61581937091011
"Melbourne",-27.7,-1.10264090098828,-6.48558739198077,4.59016277796886
"Melbourne",-27.6,-1.09815189465907,-6.45420679988578,4.56456911672203
"Melbourne",-27.5,-1.09366612363128,-6.42287295839927,4.53903843954115
"Melbourne",-27.4,-1.08918359437226,-6.39158601839487,4.51357079877788
"Melbourne",-27.3,-1.08470431335015,-6.36034613077174,4.48816624676411
"Melbourne",-27.2,-1.08022828703385,-6.32915344645365,4.46282483581204
"Melbourne",-27.1,-1.075755521893,-6.29800811638777,4.43754661821423
"Melbourne",-27,-1.07128602439803,-6.2669102915436,4.41233164624373
"Melbourne",-26.9,-1.06681980102016,-6.23586012291199,4.3871799721541
"Melbourne",-26.8,-1.06235685823131,-6.20485776150385,4.36209164817951
"Melbourne",-26.7,-1.0578972025042,-6.17390335834918,4.3370667265348
"Melbourne",-26.6,-1.05344084031231,-6.14299706449589,4.31210525941552
"Melbourne",-26.5,-1.04898777812986,-6.11213903100873,4.28720729899799
"Melbourne",-26.4,-1.04453802243183,-6.08132940896805,4.26237289743931
"Melbourne",-26.3,-1.04009157969394,-6.05056834946877,4.23760210687756
"Melbourne",-26.2,-1.03564845639267,-6.01985600361913,4.21289497943156
"Melbourne",-26.1,-1.03120865900524,-5.98919252253964,4.1882515672012
"Melbourne",-26,-1.02677219400963,-5.95857805736184,4.16367192226723
"Melbourne",-25.9,-1.02233906788455,-5.92801275922712,4.13915609669144
"Melbourne",-25.8,-1.01790928710944,-5.89749677928563,4.11470414251662
"Melbourne",-25.7,-1.0134828581645,-5.86703026869495,4.09031611176651
"Melbourne",-25.6,-1.00905978753066,-5.83661337861904,4.06599205644593
"Melbourne",-25.5,-1.00464008168958,-5.80624626022691,4.04173202854066
"Melbourne",-25.4,-1.00022374712364,-5.77592906469151,4.01753608001754
"Melbourne",-25.3,-0.995810790315976,-5.74566194318843,3.99340426282435
"Melbourne",-25.2,-0.991401217750432,-5.71544504689473,3.9693366288899
"Melbourne",-25.1,-0.986995035911586,-5.68527852698761,3.94533323012392
"Melbourne",-25,-0.982592251284742,-5.65516253464332,3.92139411841712
"Melbourne",-24.9,-0.978192870355921,-5.62509722103572,3.89751934564102
"Melbourne",-24.8,-0.973796899611845,-5.59508273733518,3.87370896364809
"Melbourne",-24.7,-0.969404345540004,-5.56511923470715,3.84996302427152
"Melbourne",-24.6,-0.96501521462854,-5.53520686431102,3.82628157932525
"Melbourne",-24.5,-0.960629513366351,-5.50534577729874,3.802664680604
"Melbourne",-24.4,-0.956247248243047,-5.47553612481356,3.779112379883
"Melbourne",-24.3,-0.951868425748903,-5.4457780579887,3.75562472891808
"Melbourne",-24.2,-0.947493052374948,-5.416071727946,3.73220177944555
"Melbourne",-24.1,-0.94312113461289,-5.3864172857947,3.70884358318206
"Melbourne",-24,-0.938752678955135,-5.35681488262995,3.68555019182459
"Melbourne",-23.9,-0.934387691894822,-5.32726466953161,3.66232165705025
"Melbourne",-23.8,-0.930026179925758,-5.29776679756274,3.63915803051624
"Melbourne",-23.7,-0.925668149542436,-5.2683214177684,3.61605936385976
"Melbourne",-23.6,-0.92131360724006,-5.23892868117412,3.59302570869777
"Melbourne",-23.5,-0.916962559514545,-5.20958873878461,3.57005711662703
"Melbourne",-23.4,-0.91261501286245,-5.18030174158233,3.54715363922378
"Melbourne",-23.3,-0.908270973781045,-5.15106784052606,3.52431532804369
"Melbourne",-23.2,-0.903930448768286,-5.1218871865495,3.50154223462176
"Melbourne",-23.1,-0.89959344432281,-5.0927599305599,3.47883441047201
"Melbourne",-23,-0.895259966943918,-5.06368622343648,3.45619190708748
"Melbourne",-22.9,-0.89093002313162,-5.03466621602912,3.43361477593986
"Melbourne",-22.8,-0.886603619386572,-5.00570005915679,3.41110306847952
"Melbourne",-22.7,-0.882280762210108,-4.97678790360619,3.38865683613512
"Melbourne",-22.6,-0.877961458104248,-4.94792990013015,3.36627613031353
"Melbourne",-22.5,-0.873645713571669,-4.91912619944621,3.3439610023996
"Melbourne",-22.4,-0.869333535115713,-4.89037695223508,3.32171150375582
"Melbourne",-22.3,-0.865024929240399,-4.86168230913915,3.29952768572235
"Melbourne",-22.2,-0.86071990245038,-4.83304242076092,3.27740959961647
"Melbourne",-22.1,-0.856418461250996,-4.80445743766154,3.25535729673256
"Melbourne",-22,-0.852120612148244,-4.77592751035909,3.23337082834179
"Melbourne",-21.9,-0.847826361648762,-4.74745278932723,3.21145024569172
"Melbourne",-21.8,-0.843535716259836,-4.71903342499348,3.18959560000627
"Melbourne",-21.7,-0.839248682489424,-4.69066956773763,3.1678069424852
"Melbourne",-21.6,-0.834965266846122,-4.66236136789022,3.14608432430397
"Melbourne",-21.5,-0.830685475839166,-4.63410897573089,3.12442779661335
"Melbourne",-21.4,-0.826409315978427,-4.60591254148669,3.10283741053916
"Melbourne",-21.3,-0.822136793774453,-4.57777221533054,3.08131321718186
"Melbourne",-21.2,-0.817867915738402,-4.54968814737952,3.05985526761636
"Melbourne",-21.1,-0.813602688382076,-4.52166048769318,3.03846361289151
"Melbourne",-21,-0.809341118217899,-4.49368938627195,3.01713830402985
"Melbourne",-20.9,-0.80508321175895,-4.46577499305533,2.99587939202723
"Melbourne",-20.8,-0.80082897551893,-4.43791745792033,2.97468692785241
"Melbourne",-20.7,-0.79657841601215,-4.41011693067957,2.95356096244663
"Melbourne",-20.6,-0.792331539753577,-4.38237356107972,2.93250154672331
"Melbourne",-20.5,-0.788088353258765,-4.35468749879963,2.91150873156756
"Melbourne",-20.4,-0.783848863043923,-4.32705889344862,2.89058256783574
"Melbourne",-20.3,-0.779613075625862,-4.29948789456472,2.86972310635514
"Melbourne",-20.2,-0.775380997522013,-4.27197465161284,2.84893039792338
"Melbourne",-20.1,-0.771152635250394,-4.24451931398296,2.8282044933081
"Melbourne",-20,-0.76692799532968,-4.2171220309884,2.8075454432464
"Melbourne",-19.9,-0.762707084279124,-4.18978295186382,2.78695329844427
"Melbourne",-19.8,-0.758489908618598,-4.16250222576355,2.76642810957637
"Melbourne",-19.7,-0.754276474868576,-4.13528000175962,2.74596992728524
"Melbourne",-19.6,-0.750066789550119,-4.10811642883989,2.72557880218089
"Melbourne",-19.5,-0.745860859184899,-4.0810116559062,2.70525478484034
"Melbourne",-19.4,-0.741658690295199,-4.05396583177237,2.68499792580688
"Melbourne",-19.3,-0.737460289403868,-4.02697910516239,2.66480827558977
"Melbourne",-19.2,-0.733265663034377,-4.00005162470839,2.6446858846634
"Melbourne",-19.1,-0.729074817710751,-3.9731835389487,2.62463080346691
"Melbourne",-19,-0.724887759957649,-3.94637499632594,2.60464308240351
"Melbourne",-18.9,-0.720704496300273,-3.91962614518488,2.58472277183979
"Melbourne",-18.8,-0.716525033264426,-3.89293713377062,2.56486992210527
"Melbourne",-18.7,-0.712349377376487,-3.8663081102264,2.54508458349159
"Melbourne",-18.6,-0.708177535163423,-3.83973922259166,2.52536680625191
"Melbourne",-18.5,-0.704009513152748,-3.81323061879997,2.50571664060029
"Melbourne",-18.4,-0.699845317872594,-3.78678244667686,2.48613413671097
"Melbourne",-18.3,-0.695684955851628,-3.76039485393791,2.46661934471764
"Melbourne",-18.2,-0.691528433619093,-3.73406798818644,2.44717231471274
"Melbourne",-18.1,-0.6873757577048,-3.70780199691151,2.42779309674677
"Melbourne",-18,-0.683226934639125,-3.68159702748576,2.40848174082751
"Melbourne",-17.9,-0.67908197095301,-3.65545322716319,2.38923829691926
"Melbourne",-17.8,-0.674940873177932,-3.62937074307702,2.37006281494205
"Melbourne",-17.7,-0.670803647845963,-3.60334972223749,2.35095534477094
"Melbourne",-17.6,-0.66667030148968,-3.57739031152966,2.33191593623507
"Melbourne",-17.5,-0.662540840642256,-3.55149265771113,2.31294463911695
"Melbourne",-17.4,-0.658415271837387,-3.52565690740978,2.2940415031516
"Melbourne",-17.3,-0.654293601609324,-3.49988320712157,2.27520657802562
"Melbourne",-17.2,-0.650175836492861,-3.4741717032082,2.2564399133765
"Melbourne",-17.1,-0.646061983023327,-3.44852254189477,2.23774155879148
"Melbourne",-17,-0.641952047736583,-3.42293586926753,2.2191115638069
"Melbourne",-16.9,-0.637846037169065,-3.39741183127144,2.20054997790708
"Melbourne",-16.8,-0.633743957857691,-3.37195057370788,2.18205685052357
"Melbourne",-16.7,-0.629645816339941,-3.34655224223223,2.16363223103402
"Melbourne",-16.6,-0.625551619153819,-3.32121698235145,2.14527616876132
"Melbourne",-16.5,-0.62146137283785,-3.29594493942172,2.12698871297261
"Melbourne",-16.4,-0.617375083931082,-3.27073625864592,2.10876991287827
"Melbourne",-16.3,-0.613292758973105,-3.24559108507122,2.09061981763086
"Melbourne",-16.2,-0.609214404503988,-3.22050956358654,2.07253847632414
"Melbourne",-16.1,-0.605140027014595,-3.1954918380847,2.05452593721347
"Melbourne",-16,-0.601069630010198,-3.17053800216107,2.03658220179503
"Melbourne",-15.9,-0.597003212367564,-3.14564807150276,2.01870719920447
"Melbourne",-15.8,-0.59294077256451,-3.1208220548792,2.00090085244733
"Melbourne",-15.7,-0.588882309078054,-3.09605996082439,1.98316308462878
"Melbourne",-15.6,-0.584827820384404,-3.07136179763629,1.96549381895263
"Melbourne",-15.5,-0.580777304958979,-3.0467275733763,1.94789297872044
"Melbourne",-15.4,-0.576730761276356,-3.02215729586863,1.93036048733035
"Melbourne",-15.3,-0.572688187810355,-2.99765097269982,1.91289626827642
"Melbourne",-15.2,-0.568649583033942,-2.973208611218,1.89550024514733
"Melbourne",-15.1,-0.564614945419317,-2.94883021853239,1.87817234162564
"Melbourne",-15,-0.56058427343787,-2.92451580151272,1.86091248148663
"Melbourne",-14.9,-0.556557565560156,-2.90026536678848,1.84372058859743
"Melbourne",-14.8,-0.552534820255968,-2.87607892074849,1.82659658691591
"Melbourne",-14.7,-0.548516035994284,-2.85195646954014,1.80954040048971
"Melbourne",-14.6,-0.544501211243287,-2.82789801906881,1.79255195345525
"Melbourne",-14.5,-0.540490344470335,-2.80390357499726,1.77563117003667
"Melbourne",-14.4,-0.536483434142021,-2.77997314274493,1.75877797454482
"Melbourne",-14.3,-0.532480478724129,-2.75610672748731,1.74199229137619
"Melbourne",-14.2,-0.528481476681641,-2.73230433415533,1.72527404501193
"Melbourne",-14.1,-0.524486426478721,-2.70856596743462,1.70862316001668
"Melbourne",-14,-0.520495326578796,-2.68489163176492,1.69203956103769
"Melbourne",-13.9,-0.51650817544443,-2.66128133133929,1.67552317280353
"Melbourne",-13.8,-0.512524971537442,-2.63773507010358,1.65907392012323
"Melbourne",-13.7,-0.508545713318831,-2.61425285175558,1.64269172788507
"Melbourne",-13.6,-0.504570399248805,-2.59083467974441,1.62637652105551
"Melbourne",-13.5,-0.500599027786797,-2.56748055726984,1.61012822467819
"Melbourne",-13.4,-0.496631597391428,-2.54419048728144,1.59394676387263
"Melbourne",-13.3,-0.492668106520533,-2.52096447247799,1.57783206383335
"Melbourne",-13.2,-0.488708553631167,-2.4978025153067,1.56178404982856
"Melbourne",-13.1,-0.484752937179589,-2.47470461796243,1.54580264719912
"Melbourne",-13,-0.480801255621255,-2.45167078238705,1.52988778135748
"Melbourne",-12.9,-0.476853507410857,-2.42870101026854,1.51403937778629
"Melbourne",-12.8,-0.472909691002288,-2.40579530304031,1.49825736203755
"Melbourne",-12.7,-0.46896980484864,-2.38295366188046,1.48254165973125
"Melbourne",-12.6,-0.465033847402252,-2.36017608771091,1.46689219655427
"Melbourne",-12.5,-0.461101817114651,-2.33746258119664,1.4513088982592
"Melbourne",-12.4,-0.457173712436576,-2.3148131427449,1.4357916906631
"Melbourne",-12.3,-0.453249531818001,-2.29222777250445,1.42034049964641
"Melbourne",-12.2,-0.44932927370811,-2.26970647036462,1.40495525115163
"Melbourne",-12.1,-0.445412936555301,-2.24724923595458,1.38963587118219
"Melbourne",-12,-0.441500518807192,-2.22485606864249,1.37438228580118
"Melbourne",-11.9,-0.437592018910604,-2.20252696753459,1.35919442113013
"Melbourne",-11.8,-0.433687435311625,-2.18026193147445,1.3440722033478
"Melbourne",-11.7,-0.429786766455498,-2.15806095904199,1.32901555868885
"Melbourne",-11.6,-0.425890010786734,-2.13592404855265,1.31402441344264
"Melbourne",-11.5,-0.421997166749055,-2.11385119805659,1.29909869395197
"Melbourne",-11.4,-0.418108232785397,-2.09184240533761,1.28423832661171
"Melbourne",-11.3,-0.414223207337916,-2.0698976679124,1.26944323786764
"Melbourne",-11.2,-0.410342088848015,-2.04801698302955,1.25471335421501
"Melbourne",-11.1,-0.406464875756285,-2.02620034766864,1.24004860219729
"Melbourne",-11,-0.402591566502575,-2.00444775853932,1.22544890840492
"Melbourne",-10.9,-0.398722159525944,-1.98275921208025,1.21091419947379
"Melbourne",-10.8,-0.394856653264686,-1.96113470445834,1.19644440208406
"Melbourne",-10.7,-0.390995046156306,-1.9395742315676,1.18203944295876
"Melbourne",-10.6,-0.387137336637555,-1.91807778902819,1.16769924886235
"Melbourne",-10.5,-0.383283523144407,-1.89664537218553,1.15342374659944
"Melbourne",-10.4,-0.379433604112056,-1.87527697610915,1.13921286301328
"Melbourne",-10.3,-0.375587577974945,-1.85397259559174,1.12506652498454
"Melbourne",-10.2,-0.371745443166716,-1.83273222514813,1.11098465942967
"Melbourne",-10.1,-0.367907198120276,-1.81155585901418,1.09696719329959
"Melbourne",-10,-0.364072841267749,-1.79044349114585,1.08301405357834
"Melbourne",-9.90000000000001,-0.360242371040498,-1.76939511521799,1.06912516728137
"Melbourne",-9.80000000000001,-0.356415785869102,-1.74841072462333,1.05530046145437
"Melbourne",-9.7,-0.352593084183395,-1.72749031247137,1.04153986317155
"Melbourne",-9.60000000000001,-0.348774264412433,-1.70663387158727,1.02784329953427
"Melbourne",-9.50000000000001,-0.344959324984517,-1.68584139451079,1.01421069766956
"Melbourne",-9.40000000000001,-0.341148264327173,-1.66511287349498,1.00064198472849
"Melbourne",-9.30000000000001,-0.337341080867171,-1.64444830050526,0.987137087884693
"Melbourne",-9.2,-0.333537773030523,-1.6238476672181,0.973695934332897
"Melbourne",-9.10000000000001,-0.32973833924248,-1.6033109650199,0.96031845128719
"Melbourne",-9.00000000000001,-0.325942777927513,-1.58283818500579,0.947004565979648
"Melbourne",-8.90000000000001,-0.322151087509359,-1.56242931797836,0.933754205658555
"Melbourne",-8.80000000000001,-0.318363266410959,-1.54208435444663,0.920567297586938
"Melbourne",-8.7,-0.314579313054542,-1.52180328462456,0.907443769040861
"Melbourne",-8.60000000000001,-0.310799225861558,-1.50158609843001,0.894383547307886
"Melbourne",-8.50000000000001,-0.307023003252671,-1.48143278548337,0.881386559685304
"Melbourne",-8.40000000000001,-0.303250643647834,-1.46134333510626,0.868452733478553
"Melbourne",-8.30000000000001,-0.299482145466223,-1.44131773632034,0.85558199599951
"Melbourne",-8.2,-0.295717507126259,-1.4213559778459,0.84277427456485
"Melbourne",-8.10000000000001,-0.291956727045606,-1.40145804810051,0.8300294964942
"Melbourne",-8,-0.288199803641176,-1.38162393519785,0.817347589108564
"Melbourne",-7.90000000000001,-0.284446735329125,-1.36185362694611,0.8047284797285
"Melbourne",-7.80000000000001,-0.280697520524875,-1.34214711084677,0.792172095672306
"Melbourne",-7.7,-0.276952157643062,-1.32250437409316,0.779678364254366
"Melbourne",-7.60000000000001,-0.27321064509761,-1.30292540356903,0.767247212783295
"Melbourne",-7.5,-0.269472981301655,-1.28341018584718,0.754878568560047
"Melbourne",-7.40000000000001,-0.265739164667622,-1.26395870718792,0.742572358876248
"Melbourne",-7.30000000000001,-0.262009193607138,-1.24457095353767,0.730328511012202
"Melbourne",-7.2,-0.258283066531129,-1.22524691052743,0.718146952235044
"Melbourne",-7.10000000000001,-0.254560781849744,-1.20598656347134,0.706027609796944
"Melbourne",-7,-0.250842337972401,-1.18678989736509,0.693970410933131
"Melbourne",-6.90000000000001,-0.247127733307773,-1.16765689688443,0.681975282859959
"Melbourne",-6.80000000000001,-0.243416966263754,-1.14858754638355,0.670042152772954
"Melbourne",-6.7,-0.239710035247542,-1.12958182989359,0.658170947844972
"Melbourne",-6.60000000000001,-0.236006938665556,-1.11063973112089,0.646361595224021
"Melbourne",-6.5,-0.232307674923493,-1.09176123344558,0.634614022031421
"Melbourne",-6.40000000000001,-0.228612242426296,-1.07294631991972,0.622928155359692
"Melbourne",-6.30000000000001,-0.224920639578152,-1.0541949732658,0.611303922270534
"Melbourne",-6.2,-0.221232864782528,-1.03550717587497,0.599741249792807
"Melbourne",-6.10000000000001,-0.217548916442156,-1.01688290980535,0.588240064920309
"Melbourne",-6,-0.213868792959004,-0.998322156780362,0.576800294609847
"Melbourne",-5.90000000000001,-0.210192492734307,-0.979824898186843,0.565421865778948
"Melbourne",-5.80000000000001,-0.206520014168576,-0.961391115073462,0.554104705303815
"Melbourne",-5.7,-0.202851355661582,-0.943020788148763,0.54284874001711
"Melbourne",-5.60000000000001,-0.199186515612337,-0.924713897779428,0.531653896705708
"Melbourne",-5.5,-0.195525492419135,-0.906470423988437,0.520520102108568
"Melbourne",-5.40000000000001,-0.191868284479524,-0.888290346453191,0.509447282914421
"Melbourne",-5.30000000000001,-0.188214890190341,-0.870173644503569,0.498435365759509
"Melbourne",-5.2,-0.184565307947648,-0.852120297120162,0.487484277225336
"Melbourne",-5.10000000000001,-0.180919536146817,-0.834130282932144,0.476593943836279
"Melbourne",-5,-0.177277573182444,-0.816203580215491,0.465764292057291
"Melbourne",-4.90000000000001,-0.173639417448423,-0.798340166890887,0.454995248291512
"Melbourne",-4.80000000000001,-0.170005067337908,-0.780540020521714,0.444286738877908
"Melbourne",-4.7,-0.166374521243318,-0.762803118312072,0.433638690088833
"Melbourne",-4.60000000000001,-0.162747777556349,-0.74512943710463,0.423051028127497
"Melbourne",-4.5,-0.159124834667956,-0.727518953378681,0.412523679125654
"Melbourne",-4.40000000000001,-0.155505690968383,-0.709971643247786,0.402056569140985
"Melbourne",-4.30000000000001,-0.151890344847116,-0.692487482457904,0.391649624154611
"Melbourne",-4.2,-0.148278794692946,-0.675066446384964,0.381302770068492
"Melbourne",-4.10000000000001,-0.144671038893918,-0.657708510032851,0.371015932702923
"Melbourne",-4,-0.141067075837364,-0.640413648031068,0.36078903779384
"Melbourne",-3.90000000000001,-0.137466903909866,-0.623181834632525,0.350622010990209
"Melbourne",-3.80000000000001,-0.133870521497315,-0.606013043711195,0.340514777851353
"Melbourne",-3.7,-0.130277926984856,-0.588907248759862,0.330467263844314
"Melbourne",-3.60000000000001,-0.126689118756895,-0.571864422887658,0.3204793943409
"Melbourne",-3.5,-0.123104095197157,-0.554884538817879,0.310551094615241
"Melbourne",-3.40000000000001,-0.119522854688625,-0.537967568885345,0.30068228984077
"Melbourne",-3.30000000000001,-0.115945395613537,-0.521113485034097,0.29087290508738
"Melbourne",-3.2,-0.112371716353454,-0.50432225881486,0.281122865318739
"Melbourne",-3.10000000000001,-0.108801815289183,-0.487593861382551,0.271432095389246
"Melbourne",-3,-0.10523569080082,-0.470928263493742,0.261800520041144
"Melbourne",-2.90000000000001,-0.101673341267761,-0.454325435504077,0.252228063901594
"Melbourne",-2.80000000000001,-0.0981147650686465,-0.437785347365593,0.242714651479625
"Melbourne",-2.7,-0.0945599605814418,-0.421307968624218,0.233260207163188
"Melbourne",-2.60000000000001,-0.091008926183378,-0.40489326841695,0.223864655216
"Melbourne",-2.5,-0.0874616602509537,-0.388541215469218,0.214527919774476
"Melbourne",-2.40000000000001,-0.0839181611599682,-0.37225177809207,0.20524992484463
"Melbourne",-2.30000000000001,-0.0803784272855101,-0.356024924179421,0.196030594298846
"Melbourne",-2.2,-0.0768424570019466,-0.339860621205224,0.186869851872729
"Melbourne",-2.10000000000001,-0.0733102486829451,-0.323758836220611,0.177767621161795
"Melbourne",-2,-0.0697818007014295,-0.307719535850914,0.168723825618211
"Melbourne",-1.90000000000001,-0.0662571114296462,-0.29174268629284,0.159738388547481
"Melbourne",-1.80000000000001,-0.0627361792391201,-0.275828253311383,0.150811233105075
"Melbourne",-1.7,-0.0592190025006545,-0.259976202236845,0.141942282292984
"Melbourne",-1.60000000000001,-0.055705579584342,-0.244186497961763,0.133131458956348
"Melbourne",-1.5,-0.0521959088595869,-0.228459104937828,0.124378685779947
"Melbourne",-1.40000000000001,-0.0486899886950831,-0.21279398717271,0.115683885284557
"Melbourne",-1.30000000000001,-0.0451878174587805,-0.197191108226813,0.107046979823577
"Melbourne",-1.2,-0.041689393517963,-0.181650431210212,0.098467891579257
"Melbourne",-1.10000000000001,-0.0381947152391926,-0.166171918779134,0.0899465425591162
"Melbourne",-1,-0.0347037809883322,-0.150755533132862,0.0814828545921964
"Melbourne",-0.900000000000006,-0.0312165891305227,-0.135401236010202,0.0730767493253293
"Melbourne",-0.800000000000011,-0.0277331380302281,-0.120108988686196,0.0647281482194062
"Melbourne",-0.700000000000003,-0.0242534260511795,-0.104878751968562,0.0564369725454039
"Melbourne",-0.600000000000009,-0.0207774515564196,-0.0897104861941944,0.0482031433805652
"Melbourne",-0.5,-0.0173052129083029,-0.0746041512257434,0.0400265816045575
"Melbourne",-0.400000000000006,-0.013836708468451,-0.0595597064478204,0.0319072078952987
"Melbourne",-0.300000000000011,-0.0103719365977972,-0.0445771107634552,0.0238449427250709
"Melbourne",-0.200000000000003,-0.00691089565660885,-0.0296563225903879,0.0158397063563909
"Melbourne",-0.100000000000009,-0.003453584004387,-0.0147972998572943,0.0078914188378576
"Melbourne",0,0,0,0
"Melbourne",0.0999999999999943,0.00344985799842767,-0.00783463054898625,0.0147356200424387
"Melbourne",0.199999999999989,0.00689599163343768,-0.0156125534275242,0.0294096038315317
"Melbourne",0.299999999999997,0.0103384025482933,-0.0233338494850077,0.0440219954334298
"Melbourne",0.399999999999991,0.0137770923869462,-0.0309985998061646,0.058572839422899
"Melbourne",0.5,0.0172120627940364,-0.038606885715553,0.0730621808873622
"Melbourne",0.599999999999994,0.0206433154148922,-0.0461587887820469,0.0874900654310728
"Melbourne",0.699999999999989,0.0240708518955746,-0.0536543908234322,0.10185653917929
"Melbourne",0.799999999999997,0.0274946738827664,-0.0610937739110029,0.116161648782542
"Melbourne",0.899999999999991,0.0309147830239276,-0.068477020374258,0.130405441420889
"Melbourne",1,0.0343311809671398,-0.0758042128056302,0.144587964808296
"Melbourne",1.09999999999999,0.0377438693612175,-0.0830754340653272,0.158709267197121
"Melbourne",1.19999999999999,0.0411528498556413,-0.0902907672861941,0.172769397382533
"Melbourne",1.3,0.0445581241006021,-0.0974502958785539,0.186768404706994
"Melbourne",1.39999999999999,0.0479596937469795,-0.104554103535348,0.200706339065104
"Melbourne",1.5,0.051357560446319,-0.111602274237033,0.214583250907974
"Melbourne",1.59999999999999,0.0547517258508767,-0.118594892256874,0.228399191248263
"Melbourne",1.69999999999999,0.0581421916135749,-0.125532042165943,0.242154211664669
"Melbourne",1.8,0.0615289593880464,-0.132413808838538,0.255848364307121
"Melbourne",1.89999999999999,0.0649120308286122,-0.139240277457398,0.269481701901508
"Melbourne",2,0.0682914075902152,-0.146011533519141,0.283054277754724
"Melbourne",2.09999999999999,0.0716670913285755,-0.152727662839724,0.296566145759858
"Melbourne",2.19999999999999,0.0750390837000348,-0.159388751559941,0.310017360401194
"Melbourne",2.3,0.0784073863616452,-0.165994886151077,0.323407976759538
"Melbourne",2.39999999999999,0.0817720009711254,-0.172546153420561,0.336738050517504
"Melbourne",2.5,0.0851329291868819,-0.17904264051769,0.3500076379648
"Melbourne",2.59999999999999,0.0884901726679876,-0.18548443493952,0.363216796003774
"Melbourne",2.69999999999999,0.0918437330742483,-0.191871624536721,0.376365582154947
"Melbourne",2.8,0.0951936120660912,-0.198204297519544,0.389454054562499
"Melbourne",2.89999999999999,0.0985398113046321,-0.20448254246398,0.402482272000104
"Melbourne",3,0.101882332451675,-0.210706448317721,0.415450293876485
"Melbourne",3.09999999999999,0.105221177169734,-0.216876104406605,0.428358180241539
"Melbourne",3.19999999999999,0.108556347121946,-0.222991600440725,0.441205991791938
"Melbourne",3.3,0.111887843972136,-0.229053026520931,0.453993789877405
"Melbourne",3.39999999999999,0.115215669384838,-0.235060473145277,0.466721636506695
"Melbourne",3.5,0.11853982502521,-0.241014031215536,0.479389594353719
"Melbourne",3.59999999999999,0.121860312559141,-0.246913792043912,0.491997726763915
"Melbourne",3.69999999999999,0.125177133653165,-0.252759847359729,0.504546097760517
"Melbourne",3.8,0.128490289974481,-0.258552289316294,0.517034772051117
"Melbourne",3.89999999999999,0.131799783190956,-0.264291210497758,0.529463815034048
"Melbourne",4,0.135105614971143,-0.269976703926178,0.541833292805127
"Melbourne",4.09999999999999,0.138407786984285,-0.275608863068577,0.554143272164298
"Melbourne",4.19999999999999,0.141706300900246,-0.281187781844194,0.566393820622535
"Melbourne",4.3,0.145001158389602,-0.286713554631723,0.578585006408705
"Melbourne",4.39999999999999,0.148292361123592,-0.292186276276762,0.590716898476606
"Melbourne",4.5,0.15157991077408,-0.29760604209923,0.602789566511985
"Melbourne",4.59999999999999,0.154863809013661,-0.302972947901059,0.61480308093993
"Melbourne",4.69999999999999,0.158144057515575,-0.308287089973802,0.626757512932041
"Melbourne",4.8,0.161420657953681,-0.313548565106503,0.638652934413897
"Melbourne",4.89999999999999,0.164693612002598,-0.318757470593556,0.65048941807262
"Melbourne",5,0.167962921337494,-0.323913904242723,0.662267037364406
"Melbourne",5.09999999999999,0.171228587634298,-0.329017964383316,0.673985866522409
"Melbourne",5.19999999999999,0.174490612569556,-0.334069749874322,0.685645980564509
"Melbourne",5.3,0.177748997820504,-0.339069360112876,0.697247455301242
"Melbourne",5.39999999999999,0.181003745065,-0.344016895042631,0.708790367343992
"Melbourne",5.5,0.184254855981592,-0.348912455162342,0.720274794113096
"Melbourne",5.59999999999999,0.187502332249467,-0.353756141534611,0.731700813846192
"Melbourne",5.69999999999999,0.190746175548528,-0.358548055794616,0.743068505606614
"Melbourne",5.8,0.193986387559253,-0.363288300159148,0.754377949292007
"Melbourne",5.89999999999999,0.197222969962874,-0.367976977435558,0.765629225642983
"Melbourne",6,0.200455924441156,-0.372614191030984,0.776822416251832
"Melbourne",6.09999999999999,0.203685252676666,-0.37720004496169,0.787957603571554
"Melbourne",6.19999999999999,0.206910956352524,-0.381734643862419,0.79903487092492
"Melbourne",6.3,0.210133037152538,-0.386218092996016,0.81005430251353
"Melbourne",6.39999999999999,0.213351496761183,-0.390650498263112,0.821015983427276
"Melbourne",6.5,0.216566336863577,-0.39503196621189,0.831919999653619
"Melbourne",6.59999999999999,0.219777559145484,-0.399362604048137,0.842766438087339
"Melbourne",6.69999999999999,0.222985165293332,-0.403642519645275,0.85355538654015
"Melbourne",6.8,0.226189156994194,-0.407871821554617,0.86428693375058
"Melbourne",6.89999999999999,0.229389535935831,-0.412050619015802,0.874961169394051
"Melbourne",7,0.232586303806581,-0.416179021967156,0.885578184092806
"Melbourne",7.09999999999999,0.235779462295493,-0.420257141056579,0.896138069426478
"Melbourne",7.19999999999999,0.238969013092261,-0.424285087652165,0.906640917942259
"Melbourne",7.3,0.24215495788722,-0.428262973853277,0.917086823165691
"Melbourne",7.39999999999999,0.245337298371329,-0.43219091250164,0.927475879611328
"Melbourne",7.5,0.248516036236213,-0.436069017192553,0.93780818279352
"Melbourne",7.59999999999999,0.251691173174184,-0.439897402286438,0.948083829237656
"Melbourne",7.69999999999999,0.254862710878134,-0.443676182920261,0.958302916491172
"Melbourne",7.8,0.258030651041641,-0.447405475019402,0.9684655431351
"Melbourne",7.89999999999999,0.261194995358904,-0.451085395309503,0.978571808795414
"Melbourne",8,0.264355745524791,-0.454716061328542,0.988621814154822
"Melbourne",8.09999999999999,0.267512903234812,-0.458297591439072,0.998615660964619
"Melbourne",8.19999999999999,0.270666470185121,-0.461830104840655,1.0085534520567
"Melbourne",8.3,0.273816448072473,-0.465313721582372,1.01843529135577
"Melbourne",8.39999999999999,0.276962838594308,-0.46874856257566,1.02826128389166
"Melbourne",8.5,0.280105643448714,-0.472134749607156,1.03803153581195
"Melbourne",8.59999999999999,0.283244864334398,-0.47547240535184,1.04774615439462
"Melbourne",8.69999999999999,0.286380502950689,-0.478761653386373,1.05740524806106
"Melbourne",8.8,0.289512560997585,-0.482002618202471,1.06700892638907
"Melbourne",8.89999999999999,0.292641040175745,-0.48519542522063,1.07655730012617
"Melbourne",9,0.29576594218641,-0.488340200803938,1.08605048120307
"Melbourne",9.09999999999999,0.298887268731485,-0.491437072272127,1.09548858274733
"Melbourne",9.19999999999999,0.302005021513518,-0.494486167915831,1.10487171909721
"Melbourne",9.3,0.305119202235682,-0.497487617010928,1.11420000581568
"Melbourne",9.39999999999999,0.30822981260179,-0.500441549833297,1.12347355970477
"Melbourne",9.5,0.31133685431628,-0.503348097673484,1.13269249881989
"Melbourne",9.59999999999999,0.314440329084231,-0.506207392851898,1.14185694248456
"Melbourne",9.69999999999999,0.317540238611391,-0.509019568733915,1.15096701130528
"Melbourne",9.8,0.320636584604062,-0.511784759745404,1.1600228271865
"Melbourne",9.89999999999999,0.323729368769254,-0.514503101388364,1.16902451334606
"Melbourne",10,0.32681859281456,-0.517174730256775,1.17797219433049
"Melbourne",10.1,0.32990425844821,-0.519799784052744,1.18686599603095
"Melbourne",10.2,0.332986367379107,-0.522378401602763,1.19570604569896
"Melbourne",10.3,0.336064921316725,-0.524910722874283,1.20449247196266
"Melbourne",10.4,0.339139921971188,-0.527396888992437,1.21322540484319
"Melbourne",10.5,0.34221137105328,-0.529837042257075,1.22190497577124
"Melbourne",10.6,0.345279270274346,-0.532231326159927,1.23053131760396
"Melbourne",10.7,0.348343621346436,-0.534579885402131,1.23910456464202
"Melbourne",10.8,0.35140442598216,-0.53688286591187,1.24762485264691
"Melbourne",10.9,0.354461685894769,-0.539140414862305,1.25609231885848
"Melbourne",11,0.357515402798181,-0.541352680689766,1.26450710201278
"Melbourne",11.1,0.360565578406891,-0.543519813112203,1.27286934236006
"Melbourne",11.2,0.363612214436015,-0.54564196314778,1.28117918168307
"Melbourne",11.3,0.366655312601338,-0.547719283133852,1.28943676331559
"Melbourne",11.4,0.369694874619197,-0.549751926746134,1.29764223216133
"Melbourne",11.5,0.372730902206642,-0.551740049018079,1.30579573471274
"Melbourne",11.6,0.375763397081252,-0.553683806360639,1.3138974190706
"Melbourne",11.7,0.378792360961278,-0.555583356582201,1.32194743496341
"Melbourne",11.8,0.381817795565587,-0.557438858908743,1.32994593376734
"Melbourne",11.9,0.384839702613649,-0.559250474004425,1.33789306852621
"Melbourne",12,0.387858083825576,-0.561018363992205,1.345788993972
"Melbourne",12.1,0.390872940922038,-0.562742692475038,1.35363386654541
"Melbourne",12.2,0.393884275624412,-0.564423624557042,1.36142784441688
"Melbourne",12.3,0.39689208965461,-0.566061326865164,1.36917108750767
"Melbourne",12.4,0.39989638473521,-0.567655967571035,1.37686375751152
"Melbourne",12.5,0.402897162589388,-0.569207716413056,1.38450601791622
"Melbourne",12.6,0.405894424940922,-0.570716744718991,1.39209803402589
"Melbourne",12.7,0.40888817351421,-0.572183225428535,1.39963997298316
"Melbourne",12.8,0.411878410034294,-0.573607333116422,1.40713200379192
"Melbourne",12.9,0.414865136226794,-0.574989244015756,1.41457429734022
"Melbourne",13,0.417848353817929,-0.576329136041587,1.4219670264235
"Melbourne",13.1,0.420828064534562,-0.577627188814855,1.42931036576819
"Melbourne",13.2,0.423804270104156,-0.578883583686607,1.43660449205552
"Melbourne",13.3,0.426776972254772,-0.580098503762494,1.44384958394554
"Melbourne",13.4,0.429746172715095,-0.581272133927713,1.45104582210194
"Melbourne",13.5,0.432711873214409,-0.582404660871993,1.45819338921636
"Melbourne",13.6,0.435674075482617,-0.583496273115192,1.46529247003377
"Melbourne",13.7,0.438632781250203,-0.584547161032989,1.47234325137786
"Melbourne",13.8,0.441587992248271,-0.585557516883028,1.47934592217658
"Melbourne",13.9,0.444539710208569,-0.586527534831283,1.48630067348834
"Melbourne",14,0.447487936863378,-0.587457410978798,1.49320769852823
"Melbourne",14.1,0.450432673945622,-0.588347343388784,1.50006719269486
"Melbourne",14.2,0.453373923188827,-0.589197532113905,1.50687935359717
"Melbourne",14.3,0.456311686327138,-0.590008179224122,1.51364438108195
"Melbourne",14.4,0.459245965095278,-0.59077948883457,1.52036247726128
"Melbourne",14.5,0.462176761228572,-0.591511667134004,1.52703384654072
"Melbourne",14.6,0.465104076462941,-0.592204922413531,1.5336586956475
"Melbourne",14.7,0.468027912534952,-0.592859465095541,1.54023723365924
"Melbourne",14.8,0.470948271181704,-0.593475507763097,1.54676967203282
"Melbourne",14.9,0.473865154140962,-0.594053265189676,1.55325622463387
"Melbourne",15,0.476778563151004,-0.594592954369122,1.55969710776622
"Melbourne",15.1,0.479688499950792,-0.595094794546058,1.56609254020204
"Melbourne",15.2,0.48259496627987,-0.595559007246593,1.57244274321211
"Melbourne",15.3,0.485497963878312,-0.595985816309286,1.57874794059643
"Melbourne",15.4,0.488397494486859,-0.596375447916597,1.58500835871533
"Melbourne",15.5,0.491293559846828,-0.596728130626545,1.59122422652065
"Melbourne",15.6,0.494186161700094,-0.597044095404808,1.59739577558757
"Melbourne",15.7,0.497075301789196,-0.597323575657027,1.60352324014645
"Melbourne",15.8,0.499960981857206,-0.597566807261563,1.60960685711531
"Melbourne",15.9,0.502843203647818,-0.597774028602582,1.61564686613243
"Melbourne",16,0.505721968905282,-0.597945480603368,1.62164350958935
"Melbourne",16.1,0.50859727937449,-0.598081406760087,1.62759703266429
"Melbourne",16.2,0.511469136800913,-0.5981820531758,1.63350768335568
"Melbourne",16.3,0.514337542930554,-0.598247668594898,1.63937571251633
"Melbourne",16.4,0.517202499510083,-0.598278504437721,1.64520137388759
"Melbourne",16.5,0.520064008286725,-0.598274814835653,1.65098492413411
"Melbourne",16.6,0.522922071008303,-0.598236856666412,1.65672662287875
"Melbourne",16.7,0.525776689423174,-0.598164889589758,1.66242673273791
"Melbourne",16.8,0.528627865280362,-0.598059176083454,1.66808551935713
"Melbourne",16.9,0.531475600329445,-0.597919981479544,1.67370325144698
"Melbourne",17,0.534319896320556,-0.597747574000962,1.6792802008192
"Melbourne",17.1,0.537160755004451,-0.59754222479842,1.68481664242339
"Melbourne",17.2,0.539998178132461,-0.597304207987637,1.69031285438379
"Melbourne",17.3,0.542832167456475,-0.597033800686753,1.69576911803626
"Melbourne",17.4,0.545662724729024,-0.596731283054219,1.7011857179658
"Melbourne",17.5,0.548489851703149,-0.596396938326693,1.70656294204417
"Melbourne",17.6,0.551313550132515,-0.596031052857526,1.71190108146793
"Melbourne",17.7,0.554133821771363,-0.595633916155236,1.71720043079646
"Melbourne",17.8,0.556950668374512,-0.595205820922429,1.72246128799074
"Melbourne",17.9,0.559764091697357,-0.594747063094869,1.7276839544518
"Melbourne",18,0.562574093495893,-0.594257941880827,1.73286873505978
"Melbourne",18.1,0.565380675526628,-0.593738759800666,1.73801593821319
"Melbourne",18.2,0.56818383954671,-0.593189822726614,1.74312587586825
"Melbourne",18.3,0.570983587313889,-0.592611439922841,1.74819886357858
"Melbourne",18.4,0.573779920586381,-0.592003924085593,1.75323522053508
"Melbourne",18.5,0.576572841123091,-0.591367591383629,1.75823526960577
"Melbourne",18.6,0.579362350683454,-0.59070276149884,1.76319933737625
"Melbourne",18.7,0.582148451027464,-0.590009757666932,1.76812775418993
"Melbourne",18.8,0.58493114391569,-0.589288906718366,1.77302085418851
"Melbourne",18.9,0.587710431109323,-0.588540539119375,1.7778789753528
"Melbourne",19,0.590486314370064,-0.587764989013129,1.78270245954331
"Melbourne",19.1,0.593258795460216,-0.586962594261042,1.78749165254135
"Melbourne",19.2,0.596027876142657,-0.586133696484015,1.79224690408981
"Melbourne",19.3,0.598793558180843,-0.585278641104015,1.79696856793434
"Melbourne",19.4,0.601555843338741,-0.584397777385404,1.80165700186445
"Melbourne",19.5,0.604314733380962,-0.583491458476604,1.80631256775459
"Melbourne",19.6,0.607070230072648,-0.582560041451485,1.81093563160535
"Melbourne",19.7,0.609822335179522,-0.581603887351057,1.81552656358466
"Melbourne",19.8,0.612571050467858,-0.580623361224808,1.8200857380688
"Melbourne",19.9,0.615316377704511,-0.579618832172291,1.82461353368364
"Melbourne",20,0.618058318656911,-0.578590673384427,1.8291103333455
"Melbourne",20.1,0.620796875092999,-0.577539262184834,1.83357652430212
"Melbourne",20.2,0.623532048781339,-0.576464980070956,1.83801249817352
"Melbourne",20.3,0.62626384149107,-0.575368212755112,1.84241865099253
"Melbourne",20.4,0.628992254991823,-0.574249350205325,1.84679538324528
"Melbourne",20.5,0.631717291053868,-0.573108786685905,1.85114309991152
"Melbourne",20.6,0.634438951447969,-0.571946920797972,1.85546221050459
"Melbourne",20.7,0.637157237945507,-0.570764155519421,1.85975312911122
"Melbourne",20.8,0.639872152318399,-0.569560898244914,1.86401627443091
"Melbourne",20.9,0.642583696339116,-0.568337560825294,1.8682520698152
"Melbourne",21,0.645291871780707,-0.56709455960674,1.87246094330629
"Melbourne",21.1,0.647996680416774,-0.565832315469539,1.8766433276755
"Melbourne",21.2,0.650698124021476,-0.564551253866374,1.88079966046122
"Melbourne",21.3,0.653396204369505,-0.563251804860132,1.88493038400626
"Melbourne",21.4,0.656090923236152,-0.561934403161268,1.88903594549492
"Melbourne",21.5,0.658782282397241,-0.560599488164493,1.89311679698925
"Melbourne",21.6,0.661470283629151,-0.559247503985039,1.89717339546498
"Melbourne",21.7,0.664154928708816,-0.55787889949408,1.90120620284653
"Melbourne",21.8,0.666836219413725,-0.556494128353635,1.90521568604161
"Melbourne",21.9,0.669514157521967,-0.55509364905072,1.90920231697491
"Melbourne",22,0.672188744812074,-0.553677924930551,1.91316657262097
"Melbourne",22.1,0.674859983063247,-0.552247424229213,1.91710893503652
"Melbourne",22.2,0.677527874055173,-0.550802620105217,1.92102989139158
"Melbourne",22.3,0.680192419568115,-0.549343990670215,1.92492993399986
"Melbourne",22.4,0.682853621382873,-0.54787201901878,1.92880956034818
"Melbourne",22.5,0.685511481280776,-0.546387193257047,1.93266927312465
"Melbourne",22.6,0.688166001043777,-0.544890006530385,1.93650958024616
"Melbourne",22.7,0.690817182454317,-0.543380957049899,1.9403309948842
"Melbourne",22.8,0.69346502729537,-0.541860548117645,1.94413403549005
"Melbourne",22.9,0.696109537350509,-0.540329288150687,1.94791922581823
"Melbourne",23,0.698750714403817,-0.538787690703779,1.95168709494886
"Melbourne",23.1,0.701388560239935,-0.537236274490738,1.95543817730872
"Melbourne",23.2,0.704023076644078,-0.535675563404236,1.95917301269066
"Melbourne",23.3,0.706654265401951,-0.53410608653427,1.96289214627161
"Melbourne",23.4,0.709282128299837,-0.532528378184871,1.96659612862902
"Melbourne",23.5,0.711906667124551,-0.530942977889293,1.97028551575562
"Melbourne",23.6,0.714527883663463,-0.52935043042347,1.97396086907253
"Melbourne",23.7,0.717145779704453,-0.52775128581769,1.97762275544056
"Melbourne",23.8,0.719760357036026,-0.52614609936642,1.98127174716964
"Melbourne",23.9,0.722371617447104,-0.52453543163623,1.98490842202643
"Melbourne",24,0.724979562727257,-0.522919848471637,1.98853336323976
"Melbourne",24.1,0.727584194666564,-0.521299920999085,1.99214715950415
"Melbourne",24.2,0.730185515055592,-0.519676225628618,1.99575040498134
"Melbourne",24.3,0.732783525685488,-0.518049344053317,1.99934369929906
"Melbourne",24.4,0.735378228347972,-0.516419863246698,2.00292764754835
"Melbourne",24.5,0.737969624835255,-0.514788375457398,2.00650286027764
"Melbourne",24.6,0.740557716940082,-0.513155478201754,2.01006995348509
"Melbourne",24.7,0.74314250645573,-0.511521774253632,2.01362954860806
"Melbourne",24.8,0.745723995176073,-0.509887871631798,2.01718227251
"Melbourne",24.9,0.748302184895455,-0.508254383584572,2.02072875746482
"Melbourne",25,0.750877077408751,-0.506621928571671,2.02426964113838
"Melbourne",25.1,0.753448674511414,-0.50499113024346,2.02780556656725
"Melbourne",25.2,0.756016977999407,-0.503362617416936,2.03133718213455
"Melbourne",25.3,0.758581989669227,-0.501737024049098,2.03486514154265
"Melbourne",25.4,0.761143711317902,-0.500114989207012,2.03839010378315
"Melbourne",25.5,0.763702144742995,-0.498497157034827,2.04191273310335
"Melbourne",25.6,0.7662572917426,-0.496884176717649,2.04543369896977
"Melbourne",25.7,0.768809154115302,-0.495276702441982,2.04895367602833
"Melbourne",25.8,0.771357733660305,-0.493675393352933,2.05247334406107
"Melbourne",25.9,0.773903032177237,-0.492080913507964,2.0559933879396
"Melbourne",26,0.776445051466323,-0.490493931827063,2.05951449757487
"Melbourne",26.1,0.778983793328281,-0.488915122039435,2.06303736786351
"Melbourne",26.2,0.7815192595644,-0.487345162626507,2.06656269863044
"Melbourne",26.3,0.784051451976442,-0.485784736761163,2.07009119456778
"Melbourne",26.4,0.786580372366741,-0.484234532243377,2.07362356517005
"Melbourne",26.5,0.789106022538077,-0.482695241431719,2.0771605246654
"Melbourne",26.6,0.791628404293876,-0.481167561171292,2.0807027919431
"Melbourne",26.7,0.79414751943796,-0.479652192717428,2.08425109047687
"Melbourne",26.8,0.796663369774775,-0.478149841655506,2.08780614824438
"Melbourne",26.9,0.799175957109255,-0.476661217816721,2.09136869764266
"Melbourne",27,0.8016852832468,-0.475187035189606,2.09493947539912
"Melbourne",27.1,0.804191349993411,-0.473728011827534,2.09851922247888
"Melbourne",27.2,0.806694159155597,-0.472284869751916,2.10210868398748
"Melbourne",27.3,0.809193712540335,-0.470858334851187,2.10570860906949
"Melbourne",27.4,0.81169001195518,-0.469449136775524,2.10931975080293
"Melbourne",27.5,0.814183059208151,-0.468058008827177,2.11294286608916
"Melbourne",27.6,0.816672856107825,-0.466685687846602,2.11657871553872
"Melbourne",27.7,0.81915940446331,-0.465332914094096,2.12022806335255
"Melbourne",27.8,0.821642706084158,-0.46400043112711,2.12389167719891
"Melbourne",27.9,0.824122762780521,-0.462688985673221,2.1275703280861
"Melbourne",28,0.826599576363019,-0.461399327498613,2.13126479023042
"Melbourne",28.1,0.8290731486428,-0.460132209272268,2.13497584092011
"Melbourne",28.2,0.831543481431507,-0.458888386425715,2.1387042603747
"Melbourne",28.3,0.834010576541333,-0.457668617008411,2.14245083159998
"Melbourne",28.4,0.836474435784962,-0.456473661538759,2.14621634023875
"Melbourne",28.5,0.838935060975587,-0.455304282850844,2.15000157441705
"Melbourne",28.6,0.841392453926915,-0.454161245936802,2.1538073245863
"Melbourne",28.7,0.843846616453159,-0.453045317784939,2.15763438336101
"Melbourne",28.8,0.846297550369068,-0.451957267213743,2.16148354535235
"Melbourne",28.9,0.848745257489902,-0.450897864701527,2.16535560699758
"Melbourne",29,0.851189739631342,-0.449867882212152,2.16925136638519
"Melbourne",29.1,0.853630998609711,-0.448868093016586,2.17317162307638
"Melbourne",29.2,0.856069036241758,-0.447899271510643,2.17711717792213
"Melbourne",29.3,0.858503854344761,-0.446962193028644,2.18108883287673
"Melbourne",29.4,0.860935454736467,-0.446057633653429,2.18508739080729
"Melbourne",29.5,0.86336383923522,-0.445186370022665,2.18911365529979
"Melbourne",29.6,0.865789009659768,-0.444349179131476,2.1931684304612
"Melbourne",29.7,0.868210967829408,-0.443546838131681,2.1972525207185
"Melbourne",29.8,0.870629715563975,-0.442780124127629,2.20136673061411
"Melbourne",29.9,0.873045254683746,-0.442049813968837,2.2055118645981
"Melbourne",30,0.875457587009532,-0.441356684039484,2.20968872681735
"Melbourne",30.1,0.877866714362652,-0.440701510045016,2.21389812090185
"Melbourne",30.2,0.880272638564916,-0.440085066795903,2.21814084974803
"Melbourne",30.3,0.882675361438623,-0.439508127988819,2.22241771529958
"Melbourne",30.4,0.885074884806625,-0.438971465985283,2.22672951832579
"Melbourne",30.5,0.887471210492174,-0.438475851588005,2.23107705819741
"Melbourne",30.6,0.889864340319146,-0.438022053815246,2.2354611326608
"Melbourne",30.7,0.892254276111837,-0.43761083967303,2.23988253760961
"Melbourne",30.8,0.894641019695008,-0.437242973925844,2.24434206685529
"Melbourne",30.9,0.897024572894045,-0.43691921886565,2.2488405118956
"Melbourne",31,0.899404937534687,-0.436640334079652,2.25337866168209
"Melbourne",31.1,0.901782115443273,-0.436407076216927,2.25795730238636
"Melbourne",31.2,0.904156108446563,-0.4362201987542,2.26257721716543
"Melbourne",31.3,0.906526918371897,-0.43608045176089,2.26723918592648
"Melbourne",31.4,0.908894547047012,-0.435988581663804,2.27194398509114
"Melbourne",31.5,0.911258996300224,-0.435945331011556,2.27669238735955
"Melbourne",31.6,0.913620267960269,-0.435951438239046,2.28148516147453
"Melbourne",31.7,0.91597836385644,-0.436007637432256,2.28632307198591
"Melbourne",31.8,0.918333285818496,-0.436114658093523,2.29120687901558
"Melbourne",31.9,0.920685035676683,-0.436273224907624,2.29613733802307
"Melbourne",32,0.923033615261715,-0.436484057508835,2.30111519957235
"Melbourne",32.1,0.92537902640486,-0.436747870249343,2.30614120909984
"Melbourne",32.2,0.927721270937809,-0.437065371969092,2.31121610668388
"Melbourne",32.3,0.930060350692763,-0.437437265767515,2.31634062681616
"Melbourne",32.4,0.932396267502456,-0.437864248777253,2.32151549817501
"Melbourne",32.5,0.93472902320002,-0.438347011940132,2.32674144340104
"Melbourne",32.6,0.937058619619169,-0.438886239785796,2.33201917887542
"Melbourne",32.7,0.939385058594056,-0.439482610213071,2.33734941450092
"Melbourne",32.8,0.941708341959302,-0.440136794274337,2.34273285348583
"Melbourne",32.9,0.94402847155004,-0.440849455963344,2.34817019213152
"Melbourne",33,0.946345449201891,-0.441621252006452,2.35366211962318
"Melbourne",33.1,0.948659276750963,-0.442452831657669,2.3592093178247
"Melbourne",33.2,0.950969956033809,-0.443344836497828,2.36481246107729
"Melbourne",33.3,0.953277488887516,-0.444297900237844,2.37047221600251
"Melbourne",33.4,0.955581877149614,-0.445312648526675,2.37618924130978
"Melbourne",33.5,0.957883122658143,-0.446389698763749,2.3819641876085
"Melbourne",33.6,0.960181227251611,-0.447529659916568,2.38779769722535
"Melbourne",33.7,0.962476192768991,-0.448733132343226,2.39369040402626
"Melbourne",33.8,0.964768021049767,-0.450000707620424,2.39964293324433
"Melbourne",33.9,0.967056713933867,-0.451332968376927,2.40565590131265
"Melbourne",34,0.969342273261753,-0.452730488132747,2.41172991570335
"Melbourne",34.1,0.971624700874285,-0.454193831144245,2.41786557477228
"Melbourne",34.2,0.97390399861288,-0.455723552255294,2.4240634676097
"Melbourne",34.3,0.976180168319374,-0.457320196754629,2.43032417389741
"Melbourne",34.4,0.978453211836117,-0.458984300239562,2.43664826377208
"Melbourne",34.5,0.980723131005901,-0.460716388486249,2.44303629769511
"Melbourne",34.6,0.982989927672029,-0.462516977326555,2.44948882632916
"Melbourne",34.7,0.985253603678271,-0.464386572531661,2.45600639042143
"Melbourne",34.8,0.987514160868819,-0.466325669702528,2.46258952069374
"Melbourne",34.9,0.989771601088418,-0.468334754167388,2.46923873773963
"Melbourne",35,0.992025926182216,-0.470414300886135,2.47595455192846
"Melbourne",35.1,0.994277137995891,-0.472564774361939,2.48273746331666
"Melbourne",35.2,0.996525238375545,-0.474786628559942,2.489587961566
"Melbourne",35.3,0.998770229167789,-0.477080306833277,2.49650652586932
"Melbourne",35.4,1.00101211221968,-0.479446241856241,2.50349362488334
"Melbourne",35.5,1.00325088937876,-0.481884855564774,2.51054971666873
"Melbourne",35.6,1.005486562493,-0.484396559104261,2.51767524863762
"Melbourne",35.7,1.00771913341089,-0.486981752784632,2.5248706575083
"Melbourne",35.8,1.00994860398136,-0.489640826042681,2.53213636926728
"Melbourne",35.9,1.01217497605384,-0.492374157411779,2.53947279913842
"Melbourne",36,1.01439825147818,-0.495182114498649,2.54688035155961
"Melbourne",36.1,1.0166184321047,-0.498065053967522,2.55435942016646
"Melbourne",36.2,1.01883551978426,-0.501023321531269,2.56191038778304
"Melbourne",36.3,1.02104951636806,-0.504057251949752,2.56953362641987
"Melbourne",36.4,1.02326042370786,-0.507167169035028,2.57722949727892
"Melbourne",36.5,1.02546824365588,-0.510353385663576,2.58499835076527
"Melbourne",36.6,1.02767297806474,-0.51361620379532,2.59284052650595
"Melbourne",36.7,1.02987462878759,-0.516955914499362,2.60075635337522
"Melbourne",36.8,1.03207319767797,-0.520372797986324,2.6087461495266
"Melbourne",36.9,1.03426868658998,-0.523867123647126,2.61681022243125
"Melbourne",37,1.03646109737809,-0.527439150098241,2.62494886892297
"Melbourne",37.1,1.03865043189728,-0.531089125233042,2.63316237524909
"Melbourne",37.2,1.04083669200294,-0.534817286279277,2.64145101712758
"Melbourne",37.3,1.043019879551,-0.538623859862464,2.64981505981023
"Melbourne",37.4,1.04519999639778,-0.542509062075069,2.65825475815136
"Melbourne",37.5,1.04737704440008,-0.546473098551259,2.66677035668217
"Melbourne",37.6,1.04955102541513,-0.550516164547044,2.6753620896907
"Melbourne",37.7,1.05172194130068,-0.55463844502579,2.6840301813069
"Melbourne",37.8,1.05388979391485,-0.558840114748715,2.69277484559265
"Melbourne",37.9,1.05605458511633,-0.563121338370276,2.70159628663706
"Melbourne",38,1.05821631676415,-0.567482270538366,2.71049469865605
"Melbourne",38.1,1.06037499071783,-0.57192305599888,2.7194702660968
"Melbourne",38.2,1.06253060883741,-0.576443829704731,2.72852316374619
"Melbourne",38.3,1.06468317298327,-0.581044716928969,2.7376535568437
"Melbourne",38.4,1.06683268501633,-0.585725833381723,2.74686160119804
"Melbourne",38.5,1.06897914679793,-0.590487285331098,2.75614744330754
"Melbourne",38.6,1.07112256018984,-0.595329169727365,2.76551122048416
"Melbourne",38.7,1.07326292705434,-0.600251574330668,2.77495306098072
"Melbourne",38.8,1.0754002492541,-0.605254577841796,2.78447308412137
"Melbourne",38.9,1.07753452865227,-0.610338250035858,2.79407140043495
"Melbourne",39,1.07966576711245,-0.615502651898825,2.80374811179109
"Melbourne",39.1,1.08179396649866,-0.620747835766433,2.81350331153885
"Melbourne",39.2,1.08391912867538,-0.626073845465602,2.82333708464775
"Melbourne",39.3,1.08604125550757,-0.631480716457922,2.83324950785091
"Melbourne",39.4,1.08816034886059,-0.636968475985067,2.84324064979014
"Melbourne",39.5,1.09027641060029,-0.642537143216126,2.85331057116285
"Melbourne",39.6,1.09238944259291,-0.648186729396305,2.86345932487049
"Melbourne",39.7,1.09449944670519,-0.653917237997259,2.87368695616848
"Melbourne",39.8,1.09660642480427,-0.659728664868431,2.88399350281723
"Melbourne",39.9,1.09871037875779,-0.665620998389616,2.89437899523435
"Melbourne",40,1.10081131043376,-0.671594219624305,2.90484345664757
"Melbourne",40.1,1.10290922170067,-0.677648302473677,2.91538690324853
"Melbourne",40.2,1.10500411442747,-0.683783213831302,2.92600934434701
"Melbourne",40.3,1.10709599048351,-0.689998913738032,2.93671078252553
"Melbourne",40.4,1.10918485173861,-0.696295355537213,2.94749121379421
"Melbourne",40.5,1.11127070006303,-0.702672486029987,2.95835062774568
"Melbourne",40.6,1.11335353732744,-0.70913024563044,2.96928900770996
"Melbourne",40.7,1.11543336540298,-0.715668568520544,2.98030633090902
"Melbourne",40.8,1.11751018616124,-0.722287382804854,2.99140256861108
"Melbourne",40.9,1.11958400147421,-0.728986610664528,3.00257768628434
"Melbourne",41,1.12165481321431,-0.735766168510898,3.0138316437502
"Melbourne",41.1,1.12372262325446,-0.742625967138233,3.02516439533567
"Melbourne",41.2,1.12578743346794,-0.749565911875594,3.03657589002486
"Melbourne",41.3,1.12784924572851,-0.756585902737861,3.0480660716097
"Melbourne",41.4,1.12990806191036,-0.763685834575556,3.05963487883938
"Melbourne",41.5,1.1319638838881,-0.770865597223547,3.07128224556872
"Melbourne",41.6,1.13401671353677,-0.778125075648517,3.08300810090529
"Melbourne",41.7,1.13606655273188,-0.785464150094972,3.09481236935509
"Melbourne",41.8,1.13811340334935,-0.792882696229913,3.10669497096689
"Melbourne",41.9,1.14015726726551,-0.800380585285898,3.11865582147488
"Melbourne",42,1.14219814635714,-0.807957684202576,3.13069483243991
"Melbourne",42.1,1.14423604250147,-0.815613855766406,3.1428119113889
"Melbourne",42.2,1.14627095757611,-0.823348958748815,3.15500696195257
"Melbourne",42.3,1.14830289345917,-0.831162848042422,3.16727988400136
"Melbourne",42.4,1.15033185202911,-0.839055374795417,3.17963057377952
"Melbourne",42.5,1.1523578351649,-0.847026386544103,3.19205892403716
"Melbourne",42.6,1.15438084474584,-0.855075727343324,3.20456482416054
"Melbourne",42.7,1.15640088265174,-0.863203237895049,3.21714816030012
"Melbourne",42.8,1.15841795076284,-0.871408755674818,3.22980881549675
"Melbourne",42.9,1.1604320509597,-0.879692115056052,3.2425466698057
"Melbourne",43,1.16244318512346,-0.888053147432444,3.25536160041857
"Melbourne",43.1,1.16445135513554,-0.896491681337885,3.26825348178297
"Melbourne",43.2,1.1664565628779,-0.905007542564584,3.28122218572027
"Melbourne",43.3,1.16845881023284,-0.913600554278682,3.29426758154086
"Melbourne",43.4,1.17045809908312,-0.922270537133896,3.30738953615746
"Melbourne",43.5,1.17245443131193,-0.93101730938272,3.32058791419605
"Melbourne",43.6,1.17444780880287,-0.939840686985627,3.33386257810457
"Melbourne",43.7,1.17643823343994,-0.948740483717792,3.3472133882595
"Melbourne",43.8,1.1784257071076,-0.957716511273765,3.36064020306999
"Melbourne",43.9,1.18041023169071,-0.966768579369781,3.37414287907998
"Melbourne",44,1.18239180907453,-0.975896495843809,3.38772127106786
"Melbourne",44.1,1.18437044114481,-0.985100066753442,3.40137523214401
"Melbourne",44.2,1.18634612978761,-0.994379096471476,3.41510461384604
"Melbourne",44.3,1.18831887688953,-1.00373338777926,3.42890926623185
"Melbourne",44.4,1.19028868433746,-1.01316274195784,3.44278903797031
"Melbourne",44.5,1.19225555401881,-1.02266695887686,3.45674377642997
"Melbourne",44.6,1.19421948782137,-1.03224583708134,3.47077332776538
"Melbourne",44.7,1.19618048763332,-1.04189917387612,3.48487753700133
"Melbourne",44.8,1.1981385553433,-1.05162676540832,3.4990562481148
"Melbourne",44.9,1.20009369284033,-1.06142840674751,3.51330930411491
"Melbourne",45,1.20204590201385,-1.0713038919638,3.52763654712065
"Melbourne",45.1,1.20399518475374,-1.08125301420385,3.54203781843654
"Melbourne",45.2,1.20594154295026,-1.09127556576477,3.55651295862618
"Melbourne",45.3,1.20788497849409,-1.10137133816592,3.57106180758375
"Melbourne",45.4,1.20982549327633,-1.11154012221879,3.5856842046035
"Melbourne",45.5,1.21176308918849,-1.12178170809474,3.60037998844722
"Melbourne",45.6,1.21369776812248,-1.13209588539085,3.61514899740971
"Melbourne",45.7,1.21562953197065,-1.1424824431938,3.62999106938229
"Melbourne",45.8,1.21755838262569,-1.1529411701418,3.64490604191443
"Melbourne",45.9,1.2194843219808,-1.16347185448465,3.65989375227358
"Melbourne",46,1.2214073519295,-1.17407428414196,3.6749540375028
"Melbourne",46.1,1.22332747436575,-1.18474824675943,3.69008673447695
"Melbourne",46.2,1.22524469118395,-1.19549352976351,3.70529167995692
"Melbourne",46.3,1.22715900427885,-1.20630992041416,3.72056871064199
"Melbourne",46.4,1.22907041554561,-1.21719720585588,3.73591766322061
"Melbourne",46.5,1.23097892687987,-1.22815517316706,3.75133837441943
"Melbourne",46.6,1.23288454017756,-1.23918360940767,3.76683068105059
"Melbourne",46.7,1.23478725733512,-1.25028230166533,3.78239442005748
"Melbourne",46.8,1.23668708024933,-1.26145103709971,3.79802942855882
"Melbourne",46.9,1.2385840108174,-1.27268960298541,3.81373554389119
"Melbourne",47,1.24047805093692,-1.28399778675328,3.82951260364996
"Melbourne",47.1,1.24236920250591,-1.29537537603017,3.84536044572892
"Melbourne",47.2,1.24425746742276,-1.30682215867742,3.86127890835808
"Melbourne",47.3,1.24614284758631,-1.31833792282758,3.87726783014044
"Melbourne",47.4,1.24802534489574,-1.32992245692006,3.893327050087
"Melbourne",47.5,1.24990496125066,-1.34157554973512,3.90945640765061
"Melbourne",47.6,1.25178169855109,-1.35329699042671,3.92565574275843
"Melbourne",47.7,1.25365555869743,-1.36508656855393,3.94192489584295
"Melbourne",47.8,1.25552654359049,-1.37694407411116,3.95826370787198
"Melbourne",47.9,1.25739465513146,-1.38886929755705,3.97467202037711
"Melbourne",48,1.25925989522193,-1.4008620298422,3.9911496754812
"Melbourne",48.1,1.26112226576394,-1.41292206243567,4.00769651592456
"Melbourne",48.2,1.26298176865982,-1.42504918735044,4.02431238508991
"Melbourne",48.3,1.2648384058124,-1.4372431971675,4.04099712702637
"Melbourne",48.4,1.26669217912483,-1.44950388505918,4.05775058647231
"Melbourne",48.5,1.26854309050068,-1.46183104481112,4.074572608877
"Melbourne",48.6,1.27039114184397,-1.47422447084333,4.09146304042143
"Melbourne",48.7,1.27223633505902,-1.48668395823031,4.10842172803796
"Melbourne",48.8,1.27407867205056,-1.49920930271996,4.12544851942904
"Melbourne",48.9,1.27591815472379,-1.5118003007519,4.14254326308512
"Melbourne",49,1.27775478498422,-1.5244567494744,4.15970580830125
"Melbourne",49.1,1.27958856473775,-1.53717844676088,4.17693600519329
"Melbourne",49.2,1.28141949589073,-1.54996519122521,4.19423370471286
"Melbourne",49.3,1.28324758034988,-1.56281678223628,4.21159875866159
"Melbourne",49.4,1.28507282002226,-1.5757330199318,4.22903101970455
"Melbourne",49.5,1.28689521681535,-1.58871370523117,4.24653034138285
"Melbourne",49.6,1.28871477263706,-1.60175863984773,4.26409657812554
"Melbourne",49.7,1.29053148939562,-1.61486762630012,4.28172958526065
"Melbourne",49.8,1.29234536899969,-1.62804046792303,4.2994292190256
"Melbourne",49.9,1.29415641335828,-1.6412769688772,4.31719533657682
"Melbourne",50,1.29596462438084,-1.6545769341587,4.33502779599881
"Melbourne",50.1,1.29777000397715,-1.66794016960765,4.35292645631251
"Melbourne",50.2,1.29957255405742,-1.6813664819162,4.37089117748284
"Melbourne",50.3,1.30137227653218,-1.694855678636,4.38892182042601
"Melbourne",50.4,1.30316917331241,-1.70840756818496,4.40701824701584
"Melbourne",50.5,1.30496324630947,-1.72202195985351,4.42518032008969
"Melbourne",50.6,1.30675449743505,-1.73569866381035,4.44340790345401
"Melbourne",50.7,1.30854292860128,-1.74943749110753,4.46170086188893
"Melbourne",50.8,1.3103285417206,-1.76323825368513,4.48005906115272
"Melbourne",50.9,1.3121113387059,-1.77710076437539,4.49848236798556
"Melbourne",51,1.31389132147042,-1.7910248369064,4.5169706501129
"Melbourne",51.1,1.31566849192779,-1.8050102859052,4.53552377624826
"Melbourne",51.2,1.31744285199202,-1.81905692690064,4.5541416160958
"Melbourne",51.3,1.31921440357747,-1.83316457632567,4.57282404035213
"Melbourne",51.4,1.32098314859892,-1.84733305151921,4.59157092070805
"Melbourne",51.5,1.3227490889715,-1.86156217072766,4.61038212984966
"Melbourne",51.6,1.3245122266107,-1.87585175310605,4.62925754145911
"Melbourne",51.7,1.32627256343245,-1.89020161871877,4.64819703021515
"Melbourne",51.8,1.32803010135298,-1.90461158854,4.66720047179312
"Melbourne",51.9,1.32978484228896,-1.9190814844537,4.68626774286467
"Melbourne",52,1.33153678815738,-1.93361112925342,4.70539872109721
"Melbourne",52.1,1.33328594087563,-1.94820034664165,4.72459328515304
"Melbourne",52.2,1.33503230236152,-1.96284896122898,4.74385131468809
"Melbourne",52.3,1.33677587453311,-1.97755679853289,4.76317269035034
"Melbourne",52.4,1.33851665930897,-1.99232368497634,4.78255729377826
"Melbourne",52.5,1.34025465860794,-2.00714944788599,4.80200500759858
"Melbourne",52.6,1.34198987434933,-2.02203391549031,4.82151571542406
"Melbourne",52.7,1.34372230845268,-2.03697691691728,4.84108930185103
"Melbourne",52.8,1.34545196283804,-2.05197828219202,4.8607256524565
"Melbourne",52.9,1.34717883942577,-2.0670378422341,4.88042465379526
"Melbourne",53,1.34890294013656,-2.0821554288546,4.90018619339663
"Melbourne",53.1,1.35062426689156,-2.09733087475314,4.92001015976111
"Melbourne",53.2,1.35234282161223,-2.11256401351455,4.93989644235677
"Melbourne",53.3,1.35405860622038,-2.12785467960533,4.95984493161543
"Melbourne",53.4,1.35577162263822,-2.14320270837023,4.97985551892879
"Melbourne",53.5,1.35748187278832,-2.1586079360282,4.99992809664422
"Melbourne",53.6,1.35918935859365,-2.17407019966864,5.0200625580606
"Melbourne",53.7,1.36089408197746,-2.1895893372472,5.04025879742378
"Melbourne",53.8,1.36259604486344,-2.20516518758154,5.06051670992211
"Melbourne",53.9,1.36429524917561,-2.22079759034696,5.08083619168174
"Melbourne",54,1.36599169683838,-2.23648638607189,5.10121713976168
"Melbourne",54.1,1.36768538977647,-2.25223141613329,5.121659452149
"Melbourne",54.2,1.36937632991505,-2.26803252275187,5.14216302775365
"Melbourne",54.3,1.37106451917957,-2.28388954898725,5.16272776640347
"Melbourne",54.4,1.37274995949588,-2.29980233873306,5.18335356883872
"Melbourne",54.5,1.37443265279018,-2.3157707367118,5.20404033670685
"Melbourne",54.6,1.37611260098904,-2.33179458846983,5.22478797255701
"Melbourne",54.7,1.37778980601937,-2.34787374037206,5.24559637983455
"Melbourne",54.8,1.37946426980846,-2.36400803959673,5.26646546287541
"Melbourne",54.9,1.38113599428398,-2.38019733413,5.28739512690042
"Melbourne",55,1.38280498137389,-2.39644147276052,5.30838527800954
"Melbourne",55.1,1.38447123300656,-2.412740305074,5.32943582317618
"Melbourne",55.2,1.38613475111071,-2.42909368144762,5.35054667024117
"Melbourne",55.3,1.38779553761543,-2.44550145304441,5.37171772790694
"Melbourne",55.4,1.38945359445013,-2.46196347180765,5.39294890573156
"Melbourne",55.5,1.39110892354459,-2.47847959045515,5.41424011412275
"Melbourne",55.6,1.39276152682895,-2.49504966247351,5.43559126433173
"Melbourne",55.7,1.39441140623371,-2.51167354211244,5.45700226844728
"Melbourne",55.8,1.39605856368974,-2.52835108437878,5.47847303938955
"Melbourne",55.9,1.39770300112818,-2.54508214503092,5.500003490904
"Melbourne",56,1.39934472048064,-2.56186658057271,5.52159353755506
"Melbourne",56.1,1.40098372367903,-2.57870424824774,5.54324309472016
"Melbourne",56.2,1.40262001265556,-2.59559500603342,5.56495207858341
"Melbourne",56.3,1.40425358934289,-2.612538712635,5.5867204061294
"Melbourne",56.4,1.40588445567393,-2.62953522747981,5.60854799513695
"Melbourne",56.5,1.40751261358203,-2.64658441071113,5.63043476417295
"Melbourne",56.6,1.40913806500085,-2.6636861231824,5.65238063258606
"Melbourne",56.7,1.41076081186438,-2.68084022645124,5.67438552050039
"Melbourne",56.8,1.41238085610698,-2.69804658277355,5.69644934880946
"Melbourne",56.9,1.41399819966337,-2.71530505509749,5.7185720391697
"Melbourne",57,1.41561284446858,-2.73261550705761,5.74075351399441
"Melbourne",57.1,1.41722479245807,-2.74997780296889,5.76299369644739
"Melbourne",57.2,1.41883404556751,-2.76739180782087,5.78529251043682
"Melbourne",57.3,1.42044060573305,-2.78485738727163,5.80764988060889
"Melbourne",57.4,1.42204447489112,-2.80237440764202,5.83006573234177
"Melbourne",57.5,1.42364565497848,-2.81994273590971,5.85253999173929
"Melbourne",57.6,1.42524414793226,-2.83756223970326,5.87507258562479
"Melbourne",57.7,1.42683995568995,-2.85523278729644,5.89766344153497
"Melbourne",57.8,1.42843308018938,-2.87295424760216,5.92031248771379
"Melbourne",57.9,1.43002352336867,-2.89072649016685,5.94301965310624
"Melbourne",58,1.43161128716636,-2.90854938516458,5.96578486735233
"Melbourne",58.1,1.43319637352126,-2.92642280339128,5.98860806078096
"Melbourne",58.2,1.43477878437257,-2.94434661625904,6.01148916440393
"Melbourne",58.3,1.4363585216598,-2.96232069579032,6.03442810990982
"Melbourne",58.4,1.43793558732284,-2.98034491461235,6.05742482965812
"Melbourne",58.5,1.43950998330187,-2.99841914595137,6.08047925667305
"Melbourne",58.6,1.44108171153745,-3.01654326362701,6.10359132463787
"Melbourne",58.7,1.44265077397046,-3.03471714204673,6.12676096788878
"Melbourne",58.8,1.44421717254211,-3.05294065620022,6.14998812140908
"Melbourne",58.9,1.44578090919396,-3.07121368165381,6.17327272082338
"Melbourne",59,1.44734198586791,-3.08953609454501,6.19661470239168
"Melbourne",59.1,1.4489004045062,-3.10790777157697,6.22001400300369
"Melbourne",59.2,1.4504561670514,-3.12632859001313,6.243470560173
"Melbourne",59.3,1.45200927544638,-3.14479842767169,6.26698431203145
"Melbourne",59.4,1.45355973163439,-3.16331716292033,6.29055519732329
"Melbourne",59.5,1.455107537559,-3.18188467467079,6.31418315539973
"Melbourne",59.6,1.45665269516415,-3.20050084237361,6.33786812621318
"Melbourne",59.7,1.45819520639405,-3.21916554601288,6.36161005031182
"Melbourne",59.8,1.45973507319326,-3.23787866610096,6.38540886883388
"Melbourne",59.9,1.46127229750672,-3.2566400836733,6.40926452350237
"Melbourne",60,1.46280688127962,-3.27544968028333,6.43317695661942
"Melbourne",60.1,1.46433882645758,-3.29430733799725,6.45714611106101
"Melbourne",60.2,1.46586813498646,-3.3132129393891,6.48117193027151
"Melbourne",60.3,1.46739480881251,-3.33216636753553,6.50525435825835
"Melbourne",60.4,1.46891884988225,-3.351167506011,6.5293933395868
"Melbourne",60.5,1.4704402601426,-3.37021623888271,6.55358881937458
"Melbourne",60.6,1.47195904154078,-3.38931245070564,6.57784074328678
"Melbourne",60.7,1.47347519602434,-3.40845602651784,6.60214905753058
"Melbourne",60.8,1.4749887255411,-3.4276468518354,6.62651370885021
"Melbourne",60.9,1.47649963203933,-3.4468848126478,6.65093464452173
"Melbourne",61,1.47800791746751,-3.46616979541309,6.6754118123481
"Melbourne",61.1,1.47951358377447,-3.48550168705317,6.69994516065409
"Melbourne",61.2,1.48101663290945,-3.50488037494916,6.72453463828135
"Melbourne",61.3,1.4825170668219,-3.52430574693671,6.7491801945835
"Melbourne",61.4,1.48401488746166,-3.54377769130151,6.77388177942118
"Melbourne",61.5,1.48551009677889,-3.56329609677459,6.79863934315719
"Melbourne",61.6,1.48700269672406,-3.58286085252795,6.82345283665182
"Melbourne",61.7,1.48849268924796,-3.60247184817005,6.84832221125797
"Melbourne",61.8,1.48998007630172,-3.62212897374133,6.87324741881641
"Melbourne",61.9,1.49146485983678,-3.64183211970993,6.89822841165122
"Melbourne",62,1.49294704180487,-3.66158117696724,6.92326514256503
"Melbourne",62.1,1.49442662415813,-3.68137603682367,6.94835756483447
"Melbourne",62.2,1.4959036088489,-3.70121659100439,6.97350563220569
"Melbourne",62.3,1.49737799782996,-3.72110273164502,6.99870929888968
"Melbourne",62.4,1.49884979305432,-3.74103435128762,7.02396851955795
"Melbourne",62.5,1.50031899647536,-3.76101134287635,7.049283249338
"Melbourne",62.6,1.50178561004675,-3.78103359975352,7.074653443809
"Melbourne",62.7,1.50324963572248,-3.80110101565553,7.10007905899737
"Melbourne",62.8,1.50471107545687,-3.82121348470871,7.12556005137255
"Melbourne",62.9,1.50616993120456,-3.8413709014255,7.15109637784261
"Melbourne",63,1.50762620492049,-3.86157316070048,7.1766879957502
"Melbourne",63.1,1.50907989855993,-3.88182015780638,7.20233486286816
"Melbourne",63.2,1.51053101407845,-3.90211178839034,7.22803693739551
"Melbourne",63.3,1.51197955343196,-3.92244794847001,7.25379417795327
"Melbourne",63.4,1.51342551857665,-3.94282853442983,7.27960654358044
"Melbourne",63.5,1.51486891146904,-3.96325344301725,7.30547399372992
"Melbourne",63.6,1.51630973406598,-3.983722571339,7.33139648826455
"Melbourne",63.7,1.51774798832462,-4.00423581685753,7.35737398745315
"Melbourne",63.8,1.51918367620241,-4.02479307738727,7.38340645196658
"Melbourne",63.9,1.52061679965709,-4.04539425109113,7.4094938428739
"Melbourne",64,1.52204736064681,-4.06603923647689,7.43563612163851
"Melbourne",64.1,1.52347536112991,-4.08672793239372,7.46183325011431
"Melbourne",64.2,1.52490080306511,-4.10746023802869,7.48808519054205
"Melbourne",64.3,1.52632368841144,-4.12823605290336,7.51439190554548
"Melbourne",64.4,1.52774401912819,-4.14905527687036,7.54075335812776
"Melbourne",64.5,1.52916179717502,-4.16991781011001,7.56716951166767
"Melbourne",64.6,1.53057702451185,-4.19082355312701,7.59364032991621
"Melbourne",64.7,1.53198970309891,-4.21177240674716,7.62016577699276
"Melbourne",64.8,1.5333998348968,-4.23276427211408,7.64674581738181
"Melbourne",64.9,1.53480742186634,-4.25379905068601,7.67338041592918
"Melbourne",65,1.53621246596871,-4.27487664423262,7.70006953783877
"Melbourne",65.1,1.5376149691654,-4.29599695483184,7.72681314866903
"Melbourne",65.2,1.53901493341817,-4.31715988486676,7.75361121432949
"Melbourne",65.3,1.54041236068909,-4.33836533702256,7.78046370107754
"Melbourne",65.4,1.54180725294055,-4.35961321428345,7.80737057551499
"Melbourne",65.5,1.54319961213527,-4.38090341992966,7.83433180458482
"Melbourne",65.6,1.54458944023619,-4.40223585753442,7.86134735556785
"Melbourne",65.7,1.54597673920664,-4.42361043096111,7.8884171960796
"Melbourne",65.8,1.54736151101023,-4.44502704436024,7.91554129406704
"Melbourne",65.9,1.54874375761083,-4.46648560216663,7.94271961780539
"Melbourne",66,1.55012348097263,-4.48798600909653,7.96995213589511
"Melbourne",66.1,1.55150068306016,-4.50952817014486,7.9972388172586
"Melbourne",66.2,1.55287536583821,-4.53111199058235,8.02457963113734
"Melbourne",66.3,1.55424753127189,-4.5527373759528,8.05197454708873
"Melbourne",66.4,1.55561718132657,-4.57440423207044,8.07942353498312
"Melbourne",66.5,1.55698431796796,-4.59611246501711,8.1069265650008
"Melbourne",66.6,1.55834894316207,-4.6178619811397,8.13448360762914
"Melbourne",66.7,1.55971105887518,-4.6396526870475,8.16209463365956
"Melbourne",66.8,1.56107066707387,-4.66148448960951,8.18975961418478
"Melbourne",66.9,1.56242776972506,-4.68335729595205,8.21747852059584
"Melbourne",67,1.56378236879589,-4.70527101345601,8.24525132457938
"Melbourne",67.1,1.56513446625386,-4.72722554975452,8.27307799811481
"Melbourne",67.2,1.56648406406676,-4.7492208127303,8.30095851347146
"Melbourne",67.3,1.56783116420263,-4.77125671051338,8.32889284320601
"Melbourne",67.4,1.56917576862985,-4.79333315147853,8.3568809601597
"Melbourne",67.5,1.57051787931706,-4.81545004424292,8.38492283745556
"Melbourne",67.6,1.57185749823321,-4.83760729766376,8.41301844849593
"Melbourne",67.7,1.57319462734755,-4.85980482083596,8.44116776695976
"Melbourne",67.8,1.57452926862962,-4.88204252308971,8.46937076679997
"Melbourne",67.9,1.57586142404922,-4.90432031398842,8.49762742224096
"Melbourne",68,1.5771910955765,-4.9266381033262,8.52593770777601
"Melbourne",68.1,1.57851828518185,-4.94899580112578,8.55430159816479
"Melbourne",68.2,1.57984299483596,-4.97139331763625,8.58271906843093
"Melbourne",68.3,1.5811652265098,-4.9938305633309,8.61119009385942
"Melbourne",68.4,1.58248498217468,-5.01630744890505,8.63971464999434
"Melbourne",68.5,1.58380226380217,-5.03882388527391,8.66829271263627
"Melbourne",68.6,1.58511707336408,-5.06137978357046,8.6969242578401
"Melbourne",68.7,1.5864294128326,-5.08397505514342,8.72560926191253
"Melbourne",68.8,1.5877392841801,-5.10660961155512,8.75434770140977
"Melbourne",68.9,1.58904668937936,-5.12928336457952,8.78313955313526
"Melbourne",69,1.59035163040331,-5.15199622620017,8.81198479413736
"Melbourne",69.1,1.59165410922528,-5.17474810860825,8.84088340170708
"Melbourne",69.2,1.59295412781886,-5.1975389242006,8.86983535337587
"Melbourne",69.3,1.59425168815786,-5.22036858557772,8.89884062691337
"Melbourne",69.4,1.59554679221641,-5.24323700554196,8.92789920032526
"Melbourne",69.5,1.59683944196898,-5.26614409709556,8.95701105185105
"Melbourne",69.6,1.59812963939028,-5.28908977343875,8.986176159962
"Melbourne",69.7,1.59941738645524,-5.31207394796799,9.01539450335891
"Melbourne",69.8,1.60070268513919,-5.33509653427408,9.04466606097005
"Melbourne",69.9,1.60198553741766,-5.35815744614032,9.07399081194915
"Melbourne",70,1.6032659452665,-5.38125659754086,9.10336873567323
"Melbourne",70.1,1.60454391066178,-5.40439390263876,9.13279981174067
"Melbourne",70.2,1.60581943557996,-5.4275692757844,9.16228401996912
"Melbourne",70.3,1.60709252199767,-5.45078263151367,9.19182134039358
"Melbourne",70.4,1.6083631718919,-5.4740338845463,9.2214117532643
"Melbourne",70.5,1.60963138723984,-5.49732294978419,9.25105523904499
"Melbourne",70.6,1.61089717001905,-5.5206497423097,9.28075177841081
"Melbourne",70.7,1.6121605222073,-5.54401417738412,9.31050135224643
"Melbourne",70.8,1.61342144578265,-5.56741617044589,9.34030394164418
"Melbourne",70.9,1.61467994272344,-5.59085563710915,9.37015952790219
"Melbourne",71,1.61593601500831,-5.61433249316206,9.40006809252252
"Melbourne",71.1,1.61718966461615,-5.63784665456527,9.43002961720934
"Melbourne",71.2,1.61844089352614,-5.6613980374504,9.46004408386705
"Melbourne",71.3,1.61968970371771,-5.68498655811852,9.49011147459862
"Melbourne",71.4,1.6209360971706,-5.70861213303854,9.52023177170371
"Melbourne",71.5,1.62218007586479,-5.73227467884584,9.55040495767692
"Melbourne",71.6,1.62342164178058,-5.75597411234078,9.5806310152061
"Melbourne",71.7,1.62466079689847,-5.77971035048719,9.6109099271706
"Melbourne",71.8,1.62589754319931,-5.80348331041097,9.64124167663958
"Melbourne",71.9,1.62713188266417,-5.82729290939871,9.67162624687028
"Melbourne",72,1.62836381727443,-5.85113906489618,9.70206362130646
"Melbourne",72.1,1.62959334901167,-5.87502169450711,9.7325537835766
"Melbourne",72.2,1.63082047985785,-5.89894071599164,9.7630967174924
"Melbourne",72.3,1.63204521179512,-5.9228960472651,9.79369240704708
"Melbourne",72.4,1.63326754680593,-5.94688760639667,9.82434083641388
"Melbourne",72.5,1.63448748687296,-5.97091531160796,9.85504198994429
"Melbourne",72.6,1.63570503397921,-5.99497908127181,9.88579585216671
"Melbourne",72.7,1.63692019010793,-6.01907883391099,9.91660240778476
"Melbourne",72.8,1.63813295724262,-6.04321448819686,9.94746164167575
"Melbourne",72.9,1.6393433373671,-6.06738596294821,9.97837353888922
"Melbourne",73,1.64055133246537,-6.09159317712996,10.0093380846454
"Melbourne",73.1,1.64175694452178,-6.11583604985195,10.0403552643337
"Melbourne",73.2,1.6429601755209,-6.14011450036772,10.0714250635113
"Melbourne",73.3,1.64416102744758,-6.16442844807336,10.1025474679017
"Melbourne",73.4,1.6453595022869,-6.18877781250622,10.1337224633931
"Melbourne",73.5,1.64655560202429,-6.21316251334394,10.1649500360373
"Melbourne",73.6,1.64774932864538,-6.23758247040307,10.1962301720479
"Melbourne",73.7,1.64894068413604,-6.26203760363809,10.2275628577993
"Melbourne",73.8,1.65012967048246,-6.28652783314027,10.2589480798249
"Melbourne",73.9,1.65131628967108,-6.31105307913644,10.290385824816
"Melbourne",74,1.65250054368857,-6.33561326198806,10.3218760796205
"Melbourne",74.1,1.65368243452189,-6.36020830219004,10.3534188312414
"Melbourne",74.2,1.65486196415827,-6.38483812036967,10.3850140668355
"Melbourne",74.3,1.65603913458516,-6.40950263728561,10.4166617737119
"Melbourne",74.4,1.65721394779033,-6.43420177382681,10.4483619393313
"Melbourne",74.5,1.65838640576172,-6.45893545101147,10.4801145513039
"Melbourne",74.6,1.65955651048764,-6.48370358998609,10.5119195973888
"Melbourne",74.7,1.66072426395658,-6.50850611202436,10.5437770654923
"Melbourne",74.8,1.66188966815732,-6.53334293852629,10.5756869436669
"Melbourne",74.9,1.66305272507887,-6.55821399101708,10.60764922011
"Melbourne",75,1.66421343671055,-6.58311919114631,10.6396638831626
"Melbourne",75.1,1.66537180504187,-6.60805846068686,10.6717309213081
"Melbourne",75.2,1.66652783206265,-6.63303172153407,10.7038503231712
"Melbourne",75.3,1.66768151976295,-6.65803889570469,10.7360220775167
"Melbourne",75.4,1.66883287013306,-6.68307990533601,10.768246173248
"Melbourne",75.5,1.66998188516359,-6.70815467268504,10.8005225994064
"Melbourne",75.6,1.6711285668453,-6.73326312012744,10.8328513451699
"Melbourne",75.7,1.67227291716932,-6.7584051701568,10.8652323998515
"Melbourne",75.8,1.67341493812694,-6.7835807453836,10.8976657528989
"Melbourne",75.9,1.67455463170978,-6.8087897685345,10.9301513938926
"Melbourne",76,1.67569199990965,-6.83403216245139,10.9626893125452
"Melbourne",76.1,1.67682704471863,-6.85930785009052,10.9952794987006
"Melbourne",76.2,1.6779597681291,-6.88461675452181,11.027921942332
"Melbourne",76.3,1.67909017213361,-6.90995879892785,11.0606166335417
"Melbourne",76.4,1.68021825872504,-6.93533390660319,11.0933635625598
"Melbourne",76.5,1.68134402989644,-6.96074200095353,11.1261627197427
"Melbourne",76.6,1.68246748764118,-6.98618300549488,11.1590140955726
"Melbourne",76.7,1.68358863395284,-7.01165684385284,11.1919176806564
"Melbourne",76.8,1.68470747082528,-7.03716343976178,11.2248734657243
"Melbourne",76.9,1.68582400025254,-7.06270271706405,11.2578814416292
"Melbourne",77,1.68693822422903,-7.08827459970932,11.2909415993454
"Melbourne",77.1,1.68805014474929,-7.11387901175374,11.3240539299678
"Melbourne",77.2,1.68915976380815,-7.13951587735926,11.3572184247108
"Melbourne",77.3,1.6902670834007,-7.16518512079289,11.3904350749074
"Melbourne",77.4,1.69137210552226,-7.19088666642593,11.4237038720081
"Melbourne",77.5,1.69247483216841,-7.2166204387334,11.45702480758
"Melbourne",77.6,1.69357526533496,-7.24238636229315,11.4903978733062
"Melbourne",77.7,1.69467340701799,-7.26818436178533,11.5238230609841
"Melbourne",77.8,1.69576925921378,-7.29401436199165,11.5573003625252
"Melbourne",77.9,1.69686282391888,-7.31987628779462,11.5908297699538
"Melbourne",78,1.6979541031301,-7.34577006417709,11.6244112754063
"Melbourne",78.1,1.69904309884445,-7.37169561622137,11.6580448711298
"Melbourne",78.2,1.70012981305927,-7.39765286910873,11.691730549482
"Melbourne",78.3,1.70121424777201,-7.42364174811869,11.7254683029296
"Melbourne",78.4,1.70229640498047,-7.44966217862841,11.7592581240479
"Melbourne",78.5,1.70337628668265,-7.47571408611206,11.7931000055196
"Melbourne",78.6,1.70445389487679,-7.50179739614024,11.826993940134
"Melbourne",78.7,1.70552923156138,-7.5279120343793,11.8609399207865
"Melbourne",78.8,1.70660229873512,-7.55405792659077,11.8949379404772
"Melbourne",78.9,1.70767309839701,-7.58023499863082,11.9289879923103
"Melbourne",79,1.70874163254626,-7.60644317644957,11.9630900694935
"Melbourne",79.1,1.70980790318227,-7.63268238609061,11.9972441653369
"Melbourne",79.2,1.71087191230475,-7.65895255369039,12.0314502732523
"Melbourne",79.3,1.7119336619136,-7.68525360547762,12.065708386752
"Melbourne",79.4,1.71299315400901,-7.71158546777273,12.1000184994489
"Melbourne",79.5,1.71405039059132,-7.73794806698742,12.1343806050547
"Melbourne",79.6,1.7151053736612,-7.76434132962396,12.1687946973797
"Melbourne",79.7,1.7161581052195,-7.79076518227476,12.2032607703321
"Melbourne",79.8,1.71720858726729,-7.8172195516218,12.2377788179167
"Melbourne",79.9,1.71825682180597,-7.8437043644361,12.2723488342345
"Melbourne",80,1.71930281083705,-7.87021954757726,12.3069708134822
"Melbourne",80.1,1.72034655636235,-7.89676502799286,12.3416447499507
"Melbourne",80.2,1.72138806038391,-7.92334073271807,12.376370638025
"Melbourne",80.3,1.722427324904,-7.94994658887505,12.4111484721834
"Melbourne",80.4,1.72346435192512,-7.97658252367249,12.4459782469963
"Melbourne",80.5,1.72449914344999,-8.00324846440522,12.4808599571261
"Melbourne",80.6,1.7255317014816,-8.02994433845356,12.515793597326
"Melbourne",80.7,1.72656202802313,-8.056670073283,12.5507791624395
"Melbourne",80.8,1.72759012507802,-8.08342559644365,12.5858166473997
"Melbourne",80.9,1.72861599464991,-8.1102108355698,12.6209060472287
"Melbourne",81,1.72963963874271,-8.13702571837953,12.6560473570364
"Melbourne",81.1,1.73066105936053,-8.16387017267413,12.6912405720205
"Melbourne",81.2,1.7316802585077,-8.1907441263378,12.7264856874655
"Melbourne",81.3,1.73269723818881,-8.21764750733713,12.761782698742
"Melbourne",81.4,1.73371200040866,-8.24458024372067,12.7971316013058
"Melbourne",81.5,1.73472454717227,-8.27154226361855,12.8325323906978
"Melbourne",81.6,1.73573488048495,-8.29853349524202,12.8679850625431
"Melbourne",81.7,1.73674300235211,-8.32555386688308,12.90348961255
"Melbourne",81.8,1.73774891477954,-8.35260330691405,12.93904603651
"Melbourne",81.9,1.7387526197731,-8.37968174378708,12.9746543302963
"Melbourne",82,1.73975411933902,-8.40678910603394,13.0103144898642
"Melbourne",82.1,1.74075341548363,-8.43392532226548,13.0460265112497
"Melbourne",82.2,1.74175051021359,-8.46109032117127,13.0817903905691
"Melbourne",82.3,1.74274540553572,-8.48828403151925,13.1176061240185
"Melbourne",82.4,1.74373810345707,-8.51550638215534,13.153473707873
"Melbourne",82.5,1.74472860598496,-8.54275730200306,13.1893931384863
"Melbourne",82.6,1.74571691512686,-8.57003672006313,13.2253644122899
"Melbourne",82.7,1.74670303289051,-8.59734456541323,13.2613875257924
"Melbourne",82.8,1.74768696128385,-8.62468076720749,13.2974624755795
"Melbourne",82.9,1.74866870231509,-8.6520452546762,13.3335892583128
"Melbourne",83,1.74964825799258,-8.6794379571255,13.3697678707293
"Melbourne",83.1,1.75062563032498,-8.70685880393697,13.405998309641
"Melbourne",83.2,1.75160082132109,-8.73430772456736,13.4422805719345
"Melbourne",83.3,1.75257383298997,-8.7617846485482,13.47861465457
"Melbourne",83.4,1.7535446673409,-8.78928950548545,13.5150005545809
"Melbourne",83.5,1.75451332638339,-8.81682222505928,13.5514382690735
"Melbourne",83.6,1.75547981212714,-8.84438273702364,13.587927795226
"Melbourne",83.7,1.75644412658207,-8.87197097120598,13.6244691302883
"Melbourne",83.8,1.75740627175833,-8.89958685750697,13.6610622715813
"Melbourne",83.9,1.7583662496663,-8.92723032590013,13.6977072164964
"Melbourne",84,1.75932406231654,-8.95490130643158,13.7344039624952
"Melbourne",84.1,1.76027971171986,-8.9825997292197,13.7711525071083
"Melbourne",84.2,1.76123319988728,-9.01032552445488,13.8079528479355
"Melbourne",84.3,1.76218452883001,-9.03807862239918,13.844804982645
"Melbourne",84.4,1.76313370055952,-9.06585895338603,13.8817089089726
"Melbourne",84.5,1.76408071708745,-9.09366644782005,13.9186646247219
"Melbourne",84.6,1.76502558042568,-9.1215010361766,13.9556721277628
"Melbourne",84.7,1.76596829258628,-9.1493626490017,13.992731416032
"Melbourne",84.8,1.76690885558157,-9.1772512169116,14.0298424875319
"Melbourne",84.9,1.76784727142407,-9.20516667059255,14.0670053403301
"Melbourne",85,1.76878354212648,-9.23310894080057,14.1042199725591
"Melbourne",85.1,1.76971766970178,-9.2610779583612,14.1414863824159
"Melbourne",85.2,1.77064965616305,-9.28907365416917,14.1788045681612
"Melbourne",85.3,1.77157950352371,-9.3170959591882,14.2161745281192
"Melbourne",85.4,1.77250721379731,-9.34514480445072,14.253596260677
"Melbourne",85.5,1.77343278899762,-9.37322012105767,14.2910697642841
"Melbourne",85.6,1.77435623113864,-9.40132184017819,14.328595037452
"Melbourne",85.7,1.77527754223459,-9.42944989304944,14.3661720787536
"Melbourne",85.8,1.77619672429985,-9.45760421097631,14.403800886823
"Melbourne",85.9,1.77711377934906,-9.48578472533118,14.4414814603547
"Melbourne",86,1.77802870939701,-9.51399136755381,14.4792137981035
"Melbourne",86.1,1.77894151645879,-9.54222406915093,14.5169978988837
"Melbourne",86.2,1.77985220254957,-9.57048276169616,14.554833761569
"Melbourne",86.3,1.78076076968487,-9.59876737682972,14.5927213850918
"Melbourne",86.4,1.78166721988029,-9.62707784625818,14.6306607684427
"Melbourne",86.5,1.78257155515174,-9.65541410175438,14.6686519106703
"Melbourne",86.6,1.78347377751522,-9.68377607515706,14.7066948108808
"Melbourne",86.7,1.78437388898707,-9.71216369837073,14.7447894682372
"Melbourne",86.8,1.78527189158371,-9.74057690336552,14.7829358819592
"Melbourne",86.9,1.78616778732186,-9.76901562217678,14.8211340513226
"Melbourne",87,1.78706157821837,-9.79747978690512,14.8593839756592
"Melbourne",87.1,1.78795326629038,-9.82596932971606,14.8976856543557
"Melbourne",87.2,1.78884285355512,-9.85448418283988,14.9360390868541
"Melbourne",87.3,1.78973034203012,-9.88302427857144,14.9744442726507
"Melbourne",87.4,1.79061573373305,-9.91158954926995,15.012901211296
"Melbourne",87.5,1.79149903068183,-9.94017992735884,15.0514099023941
"Melbourne",87.6,1.79238023489454,-9.96879534532551,15.0899703456024
"Melbourne",87.7,1.7932593483895,-9.99743573572124,15.1285825406312
"Melbourne",87.8,1.7941363731852,-10.0261010311609,15.1672464872433
"Melbourne",87.9,1.79501131130031,-10.0547911643229,15.2059621852536
"Melbourne",88,1.79588416475378,-10.0835060679488,15.2447296345285
"Melbourne",88.1,1.79675493556468,-10.1122456748435,15.2835488349861
"Melbourne",88.2,1.79762362575233,-10.1410099178747,15.3224197865949
"Melbourne",88.3,1.7984902373362,-10.1697987299729,15.3613424893744
"Melbourne",88.4,1.79935477233599,-10.1986120441314,15.4003169433941
"Melbourne",88.5,1.8002172327716,-10.2274497934058,15.439343148773
"Melbourne",88.6,1.80107762066313,-10.256311910914,15.47842110568
"Melbourne",88.7,1.80193593803082,-10.2851983298362,15.5175508143327
"Melbourne",88.8,1.80279218689521,-10.3141089834144,15.5567322749974
"Melbourne",88.9,1.80364636927692,-10.3430438049527,15.5959654879886
"Melbourne",89,1.80449848719688,-10.3720027278168,15.635250453669
"Melbourne",89.1,1.80534854267611,-10.4009856854338,15.6745871724486
"Melbourne",89.2,1.8061965377359,-10.4299926112923,15.7139756447848
"Melbourne",89.3,1.80704247439771,-10.4590234389424,15.7534158711816
"Melbourne",89.4,1.80788635468319,-10.4880781019951,15.7929078521897
"Melbourne",89.5,1.80872818061417,-10.5171565341223,15.8324515884059
"Melbourne",89.6,1.80956795421268,-10.546258669057,15.8720470804726
"Melbourne",89.7,1.81040567750097,-10.5753844405927,15.911694329078
"Melbourne",89.8,1.81124135250148,-10.6045337825838,15.9513933349549
"Melbourne",89.9,1.81207498123679,-10.6337066289447,15.9911440988814
"Melbourne",90,1.8129065657297,-10.6629029136506,16.0309466216795
"Melbourne",90.1,1.81373610800324,-10.6921225707366,16.0708009042157
"Melbourne",90.2,1.81456361008059,-10.7213655342981,16.1107069473998
"Melbourne",90.3,1.81538907398511,-10.7506317384902,16.1506647521854
"Melbourne",90.4,1.81621250174036,-10.779921117528,16.1906743195689
"Melbourne",90.5,1.81703389537011,-10.8092336056864,16.2307356505896
"Melbourne",90.6,1.81785325689834,-10.8385691372999,16.270848746329
"Melbourne",90.7,1.81867058834912,-10.8679276467622,16.311013607911
"Melbourne",90.8,1.81948589174681,-10.8973090685268,16.351230236501
"Melbourne",90.9,1.8202991691159,-10.9267133371062,16.3914986333059
"Melbourne",91,1.8211104224811,-10.9561403870722,16.4318187995738
"Melbourne",91.1,1.82191965386731,-10.9855901530556,16.4721907365934
"Melbourne",91.2,1.82272686529956,-11.0150625697461,16.5126144456942
"Melbourne",91.3,1.82353205880312,-11.0445575718923,16.5530899282456
"Melbourne",91.4,1.82433523640346,-11.0740750943017,16.593617185657
"Melbourne",91.5,1.82513640012618,-11.1036150718401,16.6341962193774
"Melbourne",91.6,1.82593555199708,-11.1331774394323,16.6748270308949
"Melbourne",91.7,1.82673269404219,-11.1627621320611,16.7155096217366
"Melbourne",91.8,1.82752782828766,-11.192369084768,16.7562439934683
"Melbourne",91.9,1.82832095675987,-11.2219982326527,16.7970301476941
"Melbourne",92,1.82911208148535,-11.2516495108729,16.8378680860561
"Melbourne",92.1,1.82990120449087,-11.2813228546445,16.8787578102342
"Melbourne",92.2,1.83068832780329,-11.3110181992414,16.9196993219458
"Melbourne",92.3,1.83147345344974,-11.3407354799956,16.9606926229453
"Melbourne",92.4,1.83225658345749,-11.3704746322965,17.0017377150241
"Melbourne",92.5,1.83303771985399,-11.4002355915916,17.0428346000101
"Melbourne",92.6,1.83381686466686,-11.4300182933859,17.0839832797675
"Melbourne",92.7,1.83459401992396,-11.4598226732421,17.1251837561964
"Melbourne",92.8,1.83536918765326,-11.4896486667802,17.1664360312328
"Melbourne",92.9,1.83614236988292,-11.5194962096778,17.207740106848
"Melbourne",93,1.83691356864135,-11.5493652376698,17.2490959850486
"Melbourne",93.1,1.83768278595704,-11.5792556865483,17.2905036678757
"Melbourne",93.2,1.83845002385872,-11.6091674921627,17.3319631574055
"Melbourne",93.3,1.83921528437527,-11.6391005904193,17.373474455748
"Melbourne",93.4,1.83997856953579,-11.6690549172819,17.4150375650476
"Melbourne",93.5,1.8407398813695,-11.6990304087707,17.4566524874824
"Melbourne",93.6,1.84149922190584,-11.7290270009633,17.4983192252638
"Melbourne",93.7,1.84225659317439,-11.759044629994,17.5400377806366
"Melbourne",93.8,1.84301199720494,-11.7890832320537,17.5818081558785
"Melbourne",93.9,1.84376543602744,-11.8191427433902,17.6236303532999
"Melbourne",94,1.84451691167202,-11.8492231003079,17.6655043752436
"Melbourne",94.1,1.84526642616898,-11.8793242391678,17.7074302240846
"Melbourne",94.2,1.84601398154878,-11.9094460963874,17.7494079022297
"Melbourne",94.3,1.84675957984211,-11.9395886084408,17.7914374121174
"Melbourne",94.4,1.84750322307974,-11.9697517118583,17.8335187562176
"Melbourne",94.5,1.8482449132927,-11.9999353432267,17.8756519370312
"Melbourne",94.6,1.84898465251215,-12.0301394391891,17.9178369570901
"Melbourne",94.7,1.84972244276944,-12.0603639364446,17.9600738189567
"Melbourne",94.8,1.85045828609609,-12.090608771749,18.0023625252237
"Melbourne",94.9,1.85119218452376,-12.1208738819136,18.0447030785141
"Melbourne",95,1.85192414008435,-12.1511592038063,18.0870954814805
"Melbourne",95.1,1.85265415480984,-12.1814646743509,18.1295397368052
"Melbourne",95.2,1.85338223073246,-12.2117902305269,18.1720358472
"Melbourne",95.3,1.85410836988458,-12.2421358093701,18.2145838154055
"Melbourne",95.4,1.8548325742987,-12.272501347972,18.2571836441914
"Melbourne",95.5,1.85555484600759,-12.30288678348,18.2998353363558
"Melbourne",95.6,1.85627518704408,-12.3332920530974,18.3425388947253
"Melbourne",95.7,1.8569935994412,-12.3637170940829,18.3852943221547
"Melbourne",95.8,1.85771008523223,-12.3941618437514,18.4281016215265
"Melbourne",95.9,1.8584246464505,-12.4246262394729,18.4709607957509
"Melbourne",96,1.85913728512956,-12.4551102186736,18.5138718477655
"Melbourne",96.1,1.85984800330314,-12.485613718835,18.5568347805352
"Melbourne",96.2,1.86055680300512,-12.516136677494,18.5998495970517
"Melbourne",96.3,1.86126368626955,-12.5466790322433,18.6429163003333
"Melbourne",96.4,1.86196865513064,-12.5772407207309,18.6860348934249
"Melbourne",96.5,1.86267171162278,-12.6078216806603,18.7292053793977
"Melbourne",96.6,1.86337285778049,-12.6384218497903,18.7724277613488
"Melbourne",96.7,1.86407209563848,-12.6690411659351,18.815702042401
"Melbourne",96.8,1.86476942723166,-12.6996795669644,18.8590282257028
"Melbourne",96.9,1.86546485459504,-12.730336990803,18.9024063144278
"Melbourne",97,1.86615837976383,-12.7610133754309,18.945836311775
"Melbourne",97.1,1.8668500047734,-12.7917086588835,18.9893182209681
"Melbourne",97.2,1.86753973165925,-12.8224227792515,19.0328520452552
"Melbourne",97.3,1.86822756245708,-12.8531556746803,19.0764377879093
"Melbourne",97.4,1.86891349920277,-12.883907283371,19.1200754522271
"Melbourne",97.5,1.8695975439323,-12.9146775435795,19.1637650415297
"Melbourne",97.6,1.87027969868185,-12.9454663936168,19.2075065591615
"Melbourne",97.7,1.87095996548776,-12.9762737718491,19.251300008491
"Melbourne",97.8,1.87163834638653,-13.0070996166974,19.2951453929095
"Melbourne",97.9,1.87231484341479,-13.037943866638,19.3390427158316
"Melbourne",98,1.87298945860941,-13.0688064602019,19.3829919806948
"Melbourne",98.1,1.87366219400731,-13.0996873359753,19.4269931909593
"Melbourne",98.2,1.87433305164564,-13.1305864325992,19.4710463501077
"Melbourne",98.3,1.87500203356168,-13.1615036887695,19.5151514616448
"Melbourne",98.4,1.87566914179291,-13.192439043237,19.5593085290974
"Melbourne",98.5,1.87633437837693,-13.2233924348075,19.6035175560143
"Melbourne",98.6,1.87699774535148,-13.2543638023415,19.6477785459658
"Melbourne",98.7,1.87765924475451,-13.2853530847545,19.6920915025435
"Melbourne",98.8,1.87831887862409,-13.3163602210166,19.7364564293603
"Melbourne",98.9,1.87897664899845,-13.3473851501528,19.7808733300501
"Melbourne",99,1.87963255791597,-13.3784278112429,19.8253422082676
"Melbourne",99.1,1.88028660741524,-13.4094881434215,19.8698630676879
"Melbourne",99.2,1.8809387995349,-13.4405660858778,19.9144359120066
"Melbourne",99.3,1.88158913631387,-13.4716615778559,19.9590607449395
"Melbourne",99.4,1.88223761979112,-13.5027745586545,20.0037375702223
"Melbourne",99.5,1.88288425200582,-13.5339049676271,20.0484663916104
"Melbourne",99.6,1.88352903499729,-13.5650527441817,20.0932472128789
"Melbourne",99.7,1.88417197080502,-13.5962178277812,20.1380800378222
"Melbourne",99.8,1.88481306146862,-13.6274001579431,20.1829648702537
"Melbourne",99.9,1.88545230902786,-13.6585996742394,20.227901714006
"Melbourne",100,1.88608971552269,-13.6898163162969,20.2728905729303
"Melbourne",100.1,1.88672528299316,-13.7210500237971,20.3179314508966
"Melbourne",100.2,1.88735901347954,-13.7523007364758,20.3630243517928
"Melbourne",100.3,1.88799090902219,-13.7835683941237,20.4081692795256
"Melbourne",100.4,1.88862097166165,-13.8148529365861,20.453366238019
"Melbourne",100.5,1.8892492034386,-13.8461543037627,20.4986152312155
"Melbourne",100.6,1.88987560639389,-13.8774724356078,20.5439162630745
"Melbourne",100.7,1.89050018256847,-13.9088072721306,20.5892693375734
"Melbourne",100.8,1.89112293400353,-13.9401587533944,20.6346744587064
"Melbourne",100.9,1.89174386274029,-13.9715268195174,20.6801316304849
"Melbourne",101,1.89236297082025,-14.0029114106723,20.7256408569371
"Melbourne",101.1,1.89298026028493,-14.0343124670861,20.7712021421078
"Melbourne",101.2,1.89359573317607,-14.0657299290408,20.8168154900583
"Melbourne",101.3,1.89420939153555,-14.0971637368725,20.8624809048662
"Melbourne",101.4,1.89482123740541,-14.128613830972,20.908198390625
"Melbourne",101.5,1.89543127282779,-14.1600801517848,20.9539679514444
"Melbourne",101.6,1.896039499845,-14.1915626398108,20.9997895914495
"Melbourne",101.7,1.89664592049954,-14.2230612356042,21.0456633147811
"Melbourne",101.8,1.89725053683398,-14.2545758797741,21.0915891255953
"Melbourne",101.9,1.89785335089108,-14.2861065129839,21.1375670280634
"Melbourne",102,1.89845436471372,-14.3176530759516,21.1835970263714
"Melbourne",102.1,1.89905358034497,-14.3492155094496,21.2296791247206
"Melbourne",102.2,1.89965099982798,-14.3807937543051,21.2758133273264
"Melbourne",102.3,1.90024662520611,-14.4123877513996,21.3219996384189
"Melbourne",102.4,1.90084045852283,-14.4439974416691,21.3682380622424
"Melbourne",102.5,1.90143250182173,-14.4756227661041,21.4145286030552
"Melbourne",102.6,1.90202275714657,-14.5072636657499,21.4608712651296
"Melbourne",102.7,1.90261122654127,-14.538920081706,21.5072660527516
"Melbourne",102.8,1.90319791204985,-14.5705919551266,21.5537129702207
"Melbourne",102.9,1.9037828157165,-14.6022792272203,21.6002120218496
"Melbourne",103,1.90436593958554,-14.6339818392504,21.6467632119644
"Melbourne",103.1,1.90494728570143,-14.6656997325346,21.6933665449043
"Melbourne",103.2,1.90552685610881,-14.6974328484451,21.7400220250209
"Melbourne",103.3,1.90610465285237,-14.7291811284089,21.7867296566789
"Melbourne",103.4,1.90668067797704,-14.7609445139071,21.8334894442552
"Melbourne",103.5,1.90725493352781,-14.7927229464758,21.8803013921392
"Melbourne",103.6,1.90782742154987,-14.8245163677054,21.9271655047322
"Melbourne",103.7,1.9083981440885,-14.8563247192409,21.9740817864478
"Melbourne",103.8,1.90896710318915,-14.8881479427819,22.021050241711
"Melbourne",103.9,1.9095343008974,-14.9199859800824,22.0680708749588
"Melbourne",104,1.91009973925895,-14.9518387729513,22.1151436906393
"Melbourne",104.1,1.91066342031969,-14.9837062632518,22.1622686932122
"Melbourne",104.2,1.91122534612558,-15.0155883929017,22.209445887148
"Melbourne",104.3,1.91178551872275,-15.0474851038736,22.2566752769285
"Melbourne",104.4,1.91234394015747,-15.0793963381946,22.3039568670458
"Melbourne",104.5,1.91290061247611,-15.1113220379461,22.3512906620032
"Melbourne",104.6,1.91345553772524,-15.1432621452647,22.3986766663138
"Melbourne",104.7,1.91400871795153,-15.1752166023411,22.4461148845015
"Melbourne",104.8,1.91456015520175,-15.2071853514209,22.4936053211001
"Melbourne",104.9,1.91510985152288,-15.2391683348043,22.5411479806531
"Melbourne",105,1.91565780896195,-15.2711654948461,22.5887428677142
"Melbourne",105.1,1.91620402956618,-15.3031767739558,22.6363899868465
"Melbourne",105.2,1.91674851538293,-15.3352021145975,22.6840893426226
"Melbourne",105.3,1.91729126845963,-15.36724145929,22.7318409396241
"Melbourne",105.4,1.91783229084395,-15.3992947506068,22.7796447824423
"Melbourne",105.5,1.91837158458357,-15.4313619311762,22.8275008756768
"Melbourne",105.6,1.91890915172637,-15.463442943681,22.8754092239365
"Melbourne",105.7,1.91944499432035,-15.4955377308588,22.9233698318386
"Melbourne",105.8,1.91997911441366,-15.527646235502,22.971382704009
"Melbourne",105.9,1.92051151405455,-15.5597684004577,23.0194478450818
"Melbourne",106,1.92104219529143,-15.5919041686276,23.0675652596992
"Melbourne",106.1,1.9215711601728,-15.6240534829683,23.1157349525115
"Melbourne",106.2,1.92209841074731,-15.6562162864912,23.1639569281768
"Melbourne",106.3,1.92262394906377,-15.6883925222624,23.2122311913607
"Melbourne",106.4,1.92314777717106,-15.7205821334027,23.2605577467366
"Melbourne",106.5,1.92366989711827,-15.752785063088,23.3089365989849
"Melbourne",106.6,1.92419031095452,-15.7850012545488,23.3573677527936
"Melbourne",106.7,1.92470902072912,-15.8172306510704,23.4058512128575
"Melbourne",106.8,1.9252260284915,-15.8494731959931,23.4543869838782
"Melbourne",106.9,1.92574133629124,-15.8817288327118,23.5029750705642
"Melbourne",107,1.92625494617797,-15.9139975046766,23.5516154776304
"Melbourne",107.1,1.92676686020152,-15.9462791553922,23.6003082097984
"Melbourne",107.2,1.92727708041185,-15.9785737284183,23.6490532717956
"Melbourne",107.3,1.92778560885896,-16.0108811673696,23.697850668356
"Melbourne",107.4,1.92829244759309,-16.0432014159156,23.7467004042191
"Melbourne",107.5,1.92879759866451,-16.0755344177806,23.7956024841304
"Melbourne",107.6,1.92930106412368,-16.1078801167442,23.8445569128412
"Melbourne",107.7,1.92980284602116,-16.1402384566408,23.893563695108
"Melbourne",107.8,1.93030294640764,-16.1726093813595,23.9426228356926
"Melbourne",107.9,1.93080136733388,-16.2049928348449,23.9917343393623
"Melbourne",108,1.93129811085089,-16.2373887610962,24.0408982108892
"Melbourne",108.1,1.93179317900964,-16.2697971041678,24.0901144550502
"Melbourne",108.2,1.93228657386137,-16.3022178081691,24.1393830766272
"Melbourne",108.3,1.93277829745739,-16.3346508172645,24.1887040804063
"Melbourne",108.4,1.93326835184906,-16.3670960756736,24.2380774711783
"Melbourne",108.5,1.93375673908798,-16.3995535276709,24.2875032537382
"Melbourne",108.6,1.93424346122579,-16.4320231175861,24.336981432885
"Melbourne",108.7,1.93472852031431,-16.4645047898041,24.3865120134218
"Melbourne",108.8,1.9352119184054,-16.4969984887646,24.4360950001556
"Melbourne",108.9,1.93569365755113,-16.5295041589629,24.4857303978967
"Melbourne",109,1.93617373980364,-16.562021744949,24.5354182114594
"Melbourne",109.1,1.93665216721517,-16.5945511913284,24.5851584456609
"Melbourne",109.2,1.93712894183817,-16.6270924427616,24.6349511053221
"Melbourne",109.3,1.9376040657251,-16.6596454439645,24.6847961952665
"Melbourne",109.4,1.93807754092861,-16.692210139708,24.7346937203209
"Melbourne",109.5,1.93854936950144,-16.7247864748184,24.7846436853146
"Melbourne",109.6,1.93901955349645,-16.757374394177,24.8346460950797
"Melbourne",109.7,1.93948809496662,-16.7899738427208,24.8847009544508
"Melbourne",109.8,1.93995499596509,-16.8225847654417,24.9348082682647
"Melbourne",109.9,1.94042025854502,-16.855207107387,24.9849680413606
"Melbourne",110,1.94088388475979,-16.8878408136595,25.0351802785794
"Melbourne",110.1,1.94134587666281,-16.9204858294171,25.0854449847643
"Melbourne",110.2,1.94180623630769,-16.9531420998731,25.13576216476
"Melbourne",110.3,1.9422649657481,-16.9858095702962,25.1861318234128
"Melbourne",110.4,1.94272206703783,-17.0184881860106,25.2365539655707
"Melbourne",110.5,1.94317754223079,-17.0511778923958,25.2870285960827
"Melbourne",110.6,1.94363139338103,-17.0838786348866,25.3375557197993
"Melbourne",110.7,1.94408362254268,-17.1165903589734,25.3881353415717
"Melbourne",110.8,1.94453423177001,-17.149313010202,25.4387674662524
"Melbourne",110.9,1.94498322311738,-17.1820465341737,25.4894520986941
"Melbourne",111,1.94543059863928,-17.2147908765453,25.5401892437506
"Melbourne",111.1,1.9458763603903,-17.2475459830289,25.5909789062759
"Melbourne",111.2,1.94632051042518,-17.2803117993924,25.6418210911244
"Melbourne",111.3,1.94676305079871,-17.3130882714591,25.6927158031507
"Melbourne",111.4,1.94720398356587,-17.3458753451079,25.7436630472093
"Melbourne",111.5,1.94764331078168,-17.3786729662732,25.7946628281548
"Melbourne",111.6,1.9480810345013,-17.4114810809451,25.8457151508412
"Melbourne",111.7,1.94851715677999,-17.4442996351692,25.8968200201226
"Melbourne",111.8,1.94895167967319,-17.4771285750469,25.9479774408522
"Melbourne",111.9,1.94938460523635,-17.5099678467349,25.9991874178825
"Melbourne",112,1.94981593552508,-17.5428173964459,26.0504499560654
"Melbourne",112.1,1.9502456725951,-17.5756771704482,26.1017650602519
"Melbourne",112.2,1.95067381850225,-17.6085471150657,26.1531327352916
"Melbourne",112.3,1.95110037530242,-17.6414271766781,26.204552986033
"Melbourne",112.4,1.9515253450517,-17.6743173017207,26.2560258173233
"Melbourne",112.5,1.95194872980622,-17.7072174366848,26.3075512340082
"Melbourne",112.6,1.95237053162225,-17.7401275281171,26.3591292409316
"Melbourne",112.7,1.95279075255614,-17.7730475226206,26.4107598429357
"Melbourne",112.8,1.95320939466439,-17.8059773668535,26.4624430448607
"Melbourne",112.9,1.95362646000357,-17.8389170075303,26.5141788515449
"Melbourne",113,1.95404195063038,-17.8718663914211,26.5659672678243
"Melbourne",113.1,1.95445586860161,-17.9048254653518,26.6178082985324
"Melbourne",113.2,1.95486821597417,-17.9377941762045,26.6697019485004
"Melbourne",113.3,1.95527899480508,-17.9707724709169,26.7216482225568
"Melbourne",113.4,1.95568820715144,-18.0037602964826,26.7736471255274
"Melbourne",113.5,1.95609585507048,-18.0367575999512,26.8256986622351
"Melbourne",113.6,1.95650194061954,-18.0697643284283,26.8778028374996
"Melbourne",113.7,1.95690646585602,-18.1027804290754,26.9299596561377
"Melbourne",113.8,1.95730943283747,-18.13580584911,26.9821691229628
"Melbourne",113.9,1.95771084362157,-18.1688405358056,27.0344312427846
"Melbourne",114,1.95811070026601,-18.2018844364916,27.0867460204096
"Melbourne",114.1,1.95850900482868,-18.2349374985537,27.1391134606403
"Melbourne",114.2,1.9589057593675,-18.2679996694333,27.1915335682756
"Melbourne",114.3,1.95930096594057,-18.3010708966281,27.2440063481101
"Melbourne",114.4,1.95969462660601,-18.3341511276919,27.2965318049346
"Melbourne",114.5,1.9600867434221,-18.3672403102344,27.3491099435353
"Melbourne",114.6,1.96047731844717,-18.4003383919217,27.4017407686944
"Melbourne",114.7,1.96086635373973,-18.4334453204757,27.4544242851893
"Melbourne",114.8,1.96125385135832,-18.4665610436748,27.5071604977927
"Melbourne",114.9,1.96163981336164,-18.4996855093534,27.5599494112726
"Melbourne",115,1.96202424180842,-18.532818665402,27.6127910303922
"Melbourne",115.1,1.96240713875755,-18.5659604597674,27.6656853599093
"Melbourne",115.2,1.96278850626799,-18.5991108404527,27.7186324045769
"Melbourne",115.3,1.9631683463988,-18.6322697555171,27.7716321691423
"Melbourne",115.4,1.96354666120917,-18.6654371530762,27.8246846583476
"Melbourne",115.5,1.96392345275838,-18.6986129813018,27.877789876929
"Melbourne",115.6,1.96429872310575,-18.731797188422,27.9309478296173
"Melbourne",115.7,1.96467247431078,-18.7649897227211,27.9841585211371
"Melbourne",115.8,1.96504470843304,-18.7981905325399,28.0374219562074
"Melbourne",115.9,1.96541542753217,-18.8313995662754,28.0907381395406
"Melbourne",116,1.96578463366797,-18.8646167723812,28.1441070758432
"Melbourne",116.1,1.96615232890023,-18.897842099367,28.197528769815
"Melbourne",116.2,1.96651851528897,-18.9310754957989,28.2510032261496
"Melbourne",116.3,1.96688319489422,-18.9643169102998,28.3045304495336
"Melbourne",116.4,1.9672463697761,-18.9975662915484,28.3581104446469
"Melbourne",116.5,1.96760804199492,-19.0308235882805,28.4117432161627
"Melbourne",116.6,1.96796821361094,-19.0640887492878,28.4654287687467
"Melbourne",116.7,1.96832688668467,-19.0973617234189,28.5191671070578
"Melbourne",116.8,1.96868406327659,-19.1306424595787,28.5729582357474
"Melbourne",116.9,1.96903974544735,-19.1639309067285,28.6268021594594
"Melbourne",117,1.96939393525768,-19.1972270138864,28.6806988828301
"Melbourne",117.1,1.96974663476837,-19.2305307301269,28.7346484104883
"Melbourne",117.2,1.97009784604034,-19.263842004581,28.7886507470546
"Melbourne",117.3,1.9704475711346,-19.2971607864363,28.8427058971419
"Melbourne",117.4,1.97079581211226,-19.3304870249372,28.8968138653548
"Melbourne",117.5,1.9711425710345,-19.3638206693844,28.9509746562897
"Melbourne",117.6,1.97148784996257,-19.3971616691354,29.0051882745347
"Melbourne",117.7,1.97183165095791,-19.4305099736044,29.0594547246693
"Melbourne",117.8,1.97217397608194,-19.4638655322621,29.1137740112645
"Melbourne",117.9,1.97251482739622,-19.4972282946359,29.1681461388822
"Melbourne",118,1.97285420696243,-19.5305982103099,29.2225711120757
"Melbourne",118.1,1.9731921168423,-19.5639752289251,29.2770489353892
"Melbourne",118.2,1.97352855909767,-19.5973593001789,29.3315796133577
"Melbourne",118.3,1.97386353579045,-19.6307503738256,29.3861631505069
"Melbourne",118.4,1.97419704898267,-19.6641483996763,29.4407995513532
"Melbourne",118.5,1.97452910073646,-19.6975533275989,29.4954888204032
"Melbourne",118.6,1.97485969311395,-19.7309651075177,29.550230962154
"Melbourne",118.7,1.97518882817749,-19.7643836894143,29.6050259810928
"Melbourne",118.8,1.97551650798944,-19.7978090233269,29.6598738816971
"Melbourne",118.9,1.97584273461224,-19.8312410593504,29.714774668434
"Melbourne",119,1.97616751010845,-19.8646797476368,29.7697283457605
"Melbourne",119.1,1.97649083654075,-19.8981250383947,29.8247349181234
"Melbourne",119.2,1.97681271597183,-19.9315768818897,29.8797943899589
"Melbourne",119.3,1.9771331504645,-19.9650352284444,29.9349067656926
"Melbourne",119.4,1.97745214208171,-19.9985000284381,29.9900720497396
"Melbourne",119.5,1.97776969288641,-20.0319712323072,30.0452902465038
"Melbourne",119.6,1.9780858049417,-20.0654487905447,30.1005613603785
"Melbourne",119.7,1.97840048031075,-20.098932653701,30.1558853957455
"Melbourne",119.8,1.9787137210568,-20.1324227723831,30.2112623569759
"Melbourne",119.9,1.97902552924321,-20.1659190972551,30.2666922484288
"Melbourne",120,1.97933590693335,-20.1994215790382,30.3221750744524
"Melbourne",120.1,1.9796448561908,-20.2329301685104,30.3777108393828
"Melbourne",120.2,1.97995237907911,-20.2664448165069,30.4332995475447
"Melbourne",120.3,1.98025847766199,-20.2999654739198,30.4889412032509
"Melbourne",120.4,1.98056315400317,-20.3334920916982,30.5446358108019
"Melbourne",120.5,1.98086641016653,-20.3670246208484,30.6003833744863
"Melbourne",120.6,1.98116824821599,-20.4005630124337,30.6561838985805
"Melbourne",120.7,1.98146867021558,-20.4341072175745,30.7120373873484
"Melbourne",120.8,1.98176767822937,-20.4676571874483,30.7679438450415
"Melbourne",120.9,1.98206527432159,-20.5012128732897,30.8239032758984
"Melbourne",121,1.98236146055646,-20.5347742263904,30.8799156841452
"Melbourne",121.1,1.98265623899836,-20.5683411980992,30.9359810739951
"Melbourne",121.2,1.9829496117117,-20.6019137398223,30.992099449648
"Melbourne",121.3,1.98324158076102,-20.6354918030227,31.0482708152909
"Melbourne",121.4,1.9835321482109,-20.6690753392207,31.1044951750975
"Melbourne",121.5,1.98382131612602,-20.702664299994,31.1607725332281
"Melbourne",121.6,1.98410908657114,-20.7362586369772,31.2171028938294
"Melbourne",121.7,1.98439546161111,-20.7698583018623,31.2734862610343
"Melbourne",121.8,1.98468044331082,-20.8034632463984,31.3299226389623
"Melbourne",121.9,1.98496403373529,-20.8370734223921,31.3864120317186
"Melbourne",122,1.98524623494962,-20.8706887817068,31.4429544433946
"Melbourne",122.1,1.98552704901893,-20.9043092762635,31.4995498780674
"Melbourne",122.2,1.9858064780085,-20.9379348580405,31.5561983397999
"Melbourne",122.3,1.98608452398361,-20.9715654790732,31.6128998326405
"Melbourne",122.4,1.9863611890097,-21.0052010914543,31.6696543606231
"Melbourne",122.5,1.9866364751522,-21.0388416473339,31.726461927767
"Melbourne",122.6,1.98691038447671,-21.0724870989195,31.7833225380764
"Melbourne",122.7,1.98718291904882,-21.1061373984757,31.840236195541
"Melbourne",122.8,1.9874540809343,-21.1397924983246,31.8972029041352
"Melbourne",122.9,1.98772387219888,-21.1734523508457,31.9542226678181
"Melbourne",123,1.98799229490845,-21.2071169084756,32.0112954905338
"Melbourne",123.1,1.98825935112896,-21.2407861237087,32.0684213762107
"Melbourne",123.2,1.98852504292644,-21.2744599490963,32.1256003287618
"Melbourne",123.3,1.98878937236695,-21.3081383372475,32.1828323520844
"Melbourne",123.4,1.9890523415167,-21.3418212408286,32.2401174500599
"Melbourne",123.5,1.98931395244188,-21.3755086125634,32.2974556265538
"Melbourne",123.6,1.98957420720889,-21.409200405233,32.3548468854155
"Melbourne",123.7,1.9898331078841,-21.442896571676,32.4122912304784
"Melbourne",123.8,1.99009065653395,-21.4765970647886,32.4697886655593
"Melbourne",123.9,1.99034685522503,-21.5103018375243,32.5273391944588
"Melbourne",124,1.99060170602396,-21.544010842894,32.5849428209608
"Melbourne",124.1,1.99085521099744,-21.5777240339662,32.6425995488324
"Melbourne",124.2,1.99110737221222,-21.611441363867,32.7003093818242
"Melbourne",124.3,1.99135819173515,-21.6451627857796,32.7580723236696
"Melbourne",124.4,1.99160767163316,-21.6788882529452,32.8158883780849
"Melbourne",124.5,1.99185581397325,-21.7126177186622,32.8737575487694
"Melbourne",124.6,1.99210262082248,-21.7463511362865,32.931679839405
"Melbourne",124.7,1.99234809424798,-21.7800884592317,32.989655253656
"Melbourne",124.8,1.99259223631694,-21.8138296409688,33.0476837951693
"Melbourne",124.9,1.99283504909669,-21.8475746350266,33.1057654675741
"Melbourne",125,1.99307653465455,-21.881323394991,33.1639002744817
"Melbourne",125.1,1.99331669505796,-21.915075874506,33.2220882194854
"Melbourne",125.2,1.99355553237439,-21.9488320272727,33.2803293061605
"Melbourne",125.3,1.99379304867147,-21.9825918070501,33.3386235380641
"Melbourne",125.4,1.99402924601677,-22.0163551676547,33.396970918735
"Melbourne",125.5,1.99426412647803,-22.0501220629606,33.4553714516935
"Melbourne",125.6,1.99449769212303,-22.0838924468994,33.5138251404413
"Melbourne",125.7,1.99472994501964,-22.1176662734605,33.5723319884614
"Melbourne",125.8,1.99496088723572,-22.1514434966907,33.6308919992181
"Melbourne",125.9,1.99519052083932,-22.1852240706947,33.6895051761564
"Melbourne",126,1.99541884789844,-22.2190079496346,33.7481715227027
"Melbourne",126.1,1.99564587048127,-22.2527950877303,33.8068910422637
"Melbourne",126.2,1.99587159065597,-22.2865854392592,33.8656637382273
"Melbourne",126.3,1.9960960104908,-22.3203789585565,33.9244896139614
"Melbourne",126.4,1.99631913205409,-22.354175600015,33.9833686728147
"Melbourne",126.5,1.99654095741424,-22.3879753180852,34.0423009181161
"Melbourne",126.6,1.99676148863974,-22.4217780672752,34.1012863531746
"Melbourne",126.7,1.9969807277991,-22.4555838021508,34.1603249812792
"Melbourne",126.8,1.99719867696091,-22.4893924773356,34.219416805699
"Melbourne",126.9,1.99741533819389,-22.5232040475108,34.2785618296827
"Melbourne",127,1.99763071356671,-22.5570184674153,34.3377600564587
"Melbourne",127.1,1.9978448051482,-22.5908356918458,34.3970114892352
"Melbourne",127.2,1.99805761500724,-22.6246556756565,34.4563161311994
"Melbourne",127.3,1.99826914521275,-22.6584783737596,34.5156739855182
"Melbourne",127.4,1.99847939783371,-22.6923037411248,34.5750850553373
"Melbourne",127.5,1.99868837493919,-22.7261317327797,34.6345493437817
"Melbourne",127.6,1.99889607859836,-22.7599623038094,34.6940668539551
"Melbourne",127.7,1.99910251088036,-22.793795409357,34.7536375889402
"Melbourne",127.8,1.99930767385446,-22.8276310046232,34.8132615517984
"Melbourne",127.9,1.99951156958997,-22.8614690448665,34.8729387455693
"Melbourne",128,1.99971420015632,-22.8953094854031,34.9326691732712
"Melbourne",128.1,1.99991556762291,-22.9291522816069,34.9924528379007
"Melbourne",128.2,2.00011567405929,-22.9629973889098,35.0522897424324
"Melbourne",128.3,2.000314521535,-22.9968447628013,35.1121798898191
"Melbourne",128.4,2.00051211211969,-23.0306943588286,35.1721232829915
"Melbourne",128.5,2.00070844788307,-23.0645461325968,35.2321199248579
"Melbourne",128.6,2.00090353089488,-23.0984000397687,35.2921698183044
"Melbourne",128.7,2.00109736322498,-23.132256036065,35.3522729661947
"Melbourne",128.8,2.00128994694322,-23.166114077264,35.41242937137
"Melbourne",128.9,2.00148128411959,-23.199974119202,35.4726390366484
"Melbourne",129,2.00167137682405,-23.2338361177729,35.5329019648255
"Melbourne",129.1,2.00186022712672,-23.2677000289286,35.5932181586739
"Melbourne",129.2,2.00204783709768,-23.3015658086785,35.653587620943
"Melbourne",129.3,2.00223420880716,-23.3354334130901,35.7140103543591
"Melbourne",129.4,2.00241934432539,-23.3693027982885,35.7744863616251
"Melbourne",129.5,2.0026032457227,-23.4031739204567,35.8350156454206
"Melbourne",129.6,2.00278591506946,-23.4370467358355,35.8955982084012
"Melbourne",129.7,2.0029673544361,-23.4709212007236,35.9562340531993
"Melbourne",129.8,2.0031475658931,-23.5047972714772,36.0169231824231
"Melbourne",129.9,2.00332655151103,-23.5386749045107,36.0776655986571
"Melbourne",130,2.00350431336049,-23.5725540562961,36.1384613044614
"Melbourne",130.1,2.00368085351215,-23.6064346833632,36.1993103023723
"Melbourne",130.2,2.00385617403671,-23.6403167422997,36.2602125949013
"Melbourne",130.3,2.00403027700498,-23.6742001897512,36.3211681845359
"Melbourne",130.4,2.00420316448779,-23.7080849824208,36.3821770737387
"Melbourne",130.5,2.00437483855607,-23.7419710770699,36.4432392649477
"Melbourne",130.6,2.00454530128074,-23.7758584305173,36.504354760576
"Melbourne",130.7,2.00471455473283,-23.8097469996398,36.5655235630118
"Melbourne",130.8,2.00488260098342,-23.843636741372,36.6267456746182
"Melbourne",130.9,2.0050494421036,-23.8775276127064,36.6880210977332
"Melbourne",131,2.0052150801646,-23.9114195706932,36.7493498346692
"Melbourne",131.1,2.00537951723763,-23.9453125724406,36.8107318877134
"Melbourne",131.2,2.005542755394,-23.9792065751143,36.8721672591273
"Melbourne",131.3,2.00570479670505,-24.0131015359383,36.9336559511466
"Melbourne",131.4,2.00586564324219,-24.046997412194,36.9951979659813
"Melbourne",131.5,2.0060252970769,-24.0808941612208,37.0567933058155
"Melbourne",131.6,2.00618376028066,-24.114791740416,37.118441972807
"Melbourne",131.7,2.00634103492507,-24.1486901072345,37.1801439690875
"Melbourne",131.8,2.00649712308174,-24.1825892191894,37.2418992967624
"Melbourne",131.9,2.00665202682238,-24.2164890338511,37.3037079579106
"Melbourne",132,2.00680574821868,-24.2503895088483,37.3655699545844
"Melbourne",132.1,2.00695828934245,-24.2842906018672,37.4274852888093
"Melbourne",132.2,2.00710965226554,-24.3181922706521,37.4894539625842
"Melbourne",132.3,2.00725983905983,-24.3520944730049,37.5514759778809
"Melbourne",132.4,2.00740885179727,-24.3859971667853,37.6135513366439
"Melbourne",132.5,2.00755669254986,-24.419900309911,37.6756800407909
"Melbourne",132.6,2.00770336338965,-24.4538038603573,37.7378620922119
"Melbourne",132.7,2.00784886638874,-24.4877077761575,37.8000974927697
"Melbourne",132.8,2.00799320361931,-24.5216120154026,37.8623862442993
"Melbourne",132.9,2.00813637715356,-24.5555165362415,37.9247283486082
"Melbourne",133,2.00827838906372,-24.5894212968807,37.9871238074758
"Melbourne",133.1,2.00841924142214,-24.6233262555846,38.0495726226537
"Melbourne",133.2,2.00855893630114,-24.6572313706756,38.1120747958653
"Melbourne",133.3,2.00869747577319,-24.6911366005337,38.1746303288061
"Melbourne",133.4,2.0088348619107,-24.7250419035966,38.2372392231427
"Melbourne",133.5,2.00897109678622,-24.7589472383599,38.2999014805138
"Melbourne",133.6,2.0091061824723,-24.7928525633771,38.362617102529
"Melbourne",133.7,2.00924012104153,-24.8267578372593,38.4253860907697
"Melbourne",133.8,2.00937291456662,-24.8606630186754,38.4882084467879
"Melbourne",133.9,2.00950456512026,-24.8945680663523,38.5510841721071
"Melbourne",134,2.00963507477521,-24.9284729390742,38.6140132682214
"Melbourne",134.1,2.00976444560428,-24.9623775956836,38.6769957365959
"Melbourne",134.2,2.00989267968035,-24.9962819950805,38.7400315786661
"Melbourne",134.3,2.01001977907629,-25.0301860962226,38.8031207958383
"Melbourne",134.4,2.01014574586509,-25.0640898581254,38.866263389489
"Melbourne",134.5,2.01027058211976,-25.0979932398622,38.9294593609649
"Melbourne",134.6,2.0103942899133,-25.131896200564,38.9927087115831
"Melbourne",134.7,2.01051687131888,-25.1657986994196,39.0560114426307
"Melbourne",134.8,2.0106383284096,-25.1997006956755,39.1193675553644
"Melbourne",134.9,2.01075866325866,-25.2336021486359,39.1827770510111
"Melbourne",135,2.01087787793932,-25.2675030176627,39.2462399307669
"Melbourne",135.1,2.01099597452485,-25.3014032621756,39.3097561957976
"Melbourne",135.2,2.0111129550886,-25.3353028416519,39.3733258472387
"Melbourne",135.3,2.01122882170395,-25.3692017156267,39.4369488861944
"Melbourne",135.4,2.01134357644432,-25.4030998436928,39.5006253137385
"Melbourne",135.5,2.01145722138318,-25.4369971855007,39.5643551309136
"Melbourne",135.6,2.01156975859405,-25.4708937007584,39.6281383387311
"Melbourne",135.7,2.01168119015049,-25.5047893492319,39.6919749381715
"Melbourne",135.8,2.01179151812612,-25.5386840907446,39.7558649301836
"Melbourne",135.9,2.01190074459456,-25.5725778851778,39.8198083156849
"Melbourne",136,2.01200887162956,-25.6064706924701,39.8838050955611
"Melbourne",136.1,2.01211590130481,-25.6403624726182,39.9478552706664
"Melbourne",136.2,2.01222183569414,-25.6742531856761,40.0119588418229
"Melbourne",136.3,2.01232667687137,-25.7081427917556,40.0761158098209
"Melbourne",136.4,2.01243042691035,-25.7420312510261,40.1403261754184
"Melbourne",136.5,2.01253308788503,-25.7759185237147,40.2045899393413
"Melbourne",136.6,2.01263466186934,-25.809804570106,40.268907102283
"Melbourne",136.7,2.01273515093729,-25.8436893505422,40.3332776649045
"Melbourne",136.8,2.01283455716297,-25.8775728254232,40.3977016278341
"Melbourne",136.9,2.01293288262041,-25.9114549552064,40.4621789916674
"Melbourne",137,2.01303012938376,-25.9453357004068,40.5267097569671
"Melbourne",137.1,2.01312629952721,-25.9792150215971,40.5912939242628
"Melbourne",137.2,2.01322139512496,-26.0130928794075,40.6559314940511
"Melbourne",137.3,2.01331541825129,-26.0469692345255,40.7206224667952
"Melbourne",137.4,2.01340837098047,-26.0808440476966,40.7853668429252
"Melbourne",137.5,2.01350025538687,-26.1147172797235,40.8501646228373
"Melbourne",137.6,2.01359107354484,-26.1485888914666,40.9150158068942
"Melbourne",137.7,2.01368082752882,-26.1824588438438,40.9799203954251
"Melbourne",137.8,2.01376951941326,-26.2163270978303,41.0448783887248
"Melbourne",137.9,2.01385715127269,-26.2501936144592,41.1098897870545
"Melbourne",138,2.01394372518164,-26.2840583548208,41.1749545906411
"Melbourne",138.1,2.01402924321468,-26.3179212800629,41.2400727996771
"Melbourne",138.2,2.01411370744644,-26.3517823513908,41.3052444143208
"Melbourne",138.3,2.01419711995161,-26.3856415300675,41.3704694346959
"Melbourne",138.4,2.01427948280486,-26.4194987774131,41.4357478608914
"Melbourne",138.5,2.01436079808095,-26.4533540548052,41.5010796929616
"Melbourne",138.6,2.01444106785464,-26.4872073236791,41.5664649309257
"Melbourne",138.7,2.01452029420079,-26.5210585455273,41.631903574768
"Melbourne",138.8,2.01459847919421,-26.5549076818997,41.6973956244378
"Melbourne",138.9,2.01467562490982,-26.5887546944036,41.7629410798487
"Melbourne",139,2.01475173342256,-26.6225995447039,41.8285399408791
"Melbourne",139.1,2.0148268068074,-26.6564421945226,41.894192207372
"Melbourne",139.2,2.01490084713933,-26.6902826056392,41.9598978791345
"Melbourne",139.3,2.01497385649341,-26.7241207398906,42.025656955938
"Melbourne",139.4,2.01504583694472,-26.7579565591709,42.0914694375179
"Melbourne",139.5,2.01511679056841,-26.7917900254315,42.1573353235736
"Melbourne",139.6,2.01518671943959,-26.8256211006815,42.2232546137682
"Melbourne",139.7,2.01525562563349,-26.8594497469868,42.2892273077287
"Melbourne",139.8,2.01532351122533,-26.8932759264709,42.3552534050454
"Melbourne",139.9,2.01539037829039,-26.9270996013145,42.4213329052722
"Melbourne",140,2.01545622890396,-26.9609207337556,42.4874658079263
"Melbourne",140.1,2.01552106514138,-26.9947392860894,42.553652112488
"Melbourne",140.2,2.01558488907803,-27.0285552206683,42.6198918184007
"Melbourne",140.3,2.0156477027893,-27.0623684999022,42.6861849250707
"Melbourne",140.4,2.01570950835068,-27.0961790862578,42.752531431867
"Melbourne",140.5,2.01577030783762,-27.1299869422593,42.8189313381214
"Melbourne",140.6,2.01583010332562,-27.163792030488,42.8853846431282
"Melbourne",140.7,2.01588889689026,-27.1975943135825,42.9518913461441
"Melbourne",140.8,2.01594669060712,-27.2313937542383,43.018451446388
"Melbourne",140.9,2.0160034865518,-27.2651903152083,43.085064943041
"Melbourne",141,2.01605928679998,-27.2989839593023,43.1517318352462
"Melbourne",141.1,2.01611409342732,-27.3327746493875,43.2184521221087
"Melbourne",141.2,2.01616790850954,-27.366562348388,43.2852258026953
"Melbourne",141.3,2.01622073412242,-27.4003470192851,43.3520528760343
"Melbourne",141.4,2.01627257234172,-27.434128625117,43.4189333411157
"Melbourne",141.5,2.01632342524327,-27.4679071289792,43.4858671968908
"Melbourne",141.6,2.0163732949029,-27.5016824940242,43.5528544422722
"Melbourne",141.7,2.01642218339653,-27.5354546834614,43.6198950761335
"Melbourne",141.8,2.01647009280006,-27.5692236605572,43.6869890973094
"Melbourne",141.9,2.01651702518943,-27.6029893886353,43.7541365045954
"Melbourne",142,2.01656298264064,-27.636751831076,43.8213372967478
"Melbourne",142.1,2.01660796722969,-27.6705109513168,43.8885914724834
"Melbourne",142.2,2.01665198103262,-27.7042667128522,43.9558990304796
"Melbourne",142.3,2.01669502612551,-27.7380190792336,44.0232599693742
"Melbourne",142.4,2.01673710458448,-27.771768014069,44.0906742877649
"Melbourne",142.5,2.01677821848563,-27.8055134810239,44.1581419842098
"Melbourne",142.6,2.01681836990515,-27.8392554438201,44.225663057227
"Melbourne",142.7,2.01685756091925,-27.8729938662368,44.293237505294
"Melbourne",142.8,2.01689579360416,-27.9067287121097,44.3608653268486
"Melbourne",142.9,2.01693307003612,-27.9404599453315,44.4285465202878
"Melbourne",143,2.01696939229143,-27.9741875298516,44.496281083968
"Melbourne",143.1,2.0170047624464,-28.0079114296764,44.564069016205
"Melbourne",143.2,2.01703918257738,-28.0416316088689,44.6319103152741
"Melbourne",143.3,2.01707265476077,-28.075348031549,44.6998049794091
"Melbourne",143.4,2.01710518107296,-28.1090606618933,44.7677530068032
"Melbourne",143.5,2.01713676359037,-28.1427694641352,44.835754395608
"Melbourne",143.6,2.01716740438949,-28.1764744025647,44.9038091439341
"Melbourne",143.7,2.0171971055468,-28.2101754415287,44.9719172498505
"Melbourne",143.8,2.01722586913882,-28.2438725454307,45.0400787113847
"Melbourne",143.9,2.0172536972421,-28.2775656787307,45.1082935265222
"Melbourne",144,2.01728059193325,-28.3112548059455,45.1765616932069
"Melbourne",144.1,2.01730655528884,-28.3449398916487,45.2448832093408
"Melbourne",144.2,2.01733158938551,-28.3786209004702,45.3132580727835
"Melbourne",144.3,2.0173556962999,-28.4122977970967,45.3816862813526
"Melbourne",144.4,2.01737887810876,-28.4459705462714,45.4501678328231
"Melbourne",144.5,2.01740113688875,-28.4796391127941,45.5187027249279
"Melbourne",144.6,2.01742247471663,-28.5133034615211,45.5872909553568
"Melbourne",144.7,2.01744289366919,-28.5469635573653,45.6559325217571
"Melbourne",144.8,2.01746239582317,-28.5806193652959,45.7246274217332
"Melbourne",144.9,2.01748098325545,-28.6142708503389,45.7933756528464
"Melbourne",145,2.01749865804284,-28.6479179775764,45.8621772126148
"Melbourne",145.1,2.01751542226225,-28.6815607121473,45.9310320985135
"Melbourne",145.2,2.01753127799054,-28.7151990192467,45.9999403079739
"Melbourne",145.3,2.01754622730468,-28.7488328641262,46.068901838384
"Melbourne",145.4,2.01756027228157,-28.7824622120936,46.137916687088
"Melbourne",145.5,2.01757341499822,-28.8160870285133,46.2069848513863
"Melbourne",145.6,2.01758565753161,-28.849707278806,46.2761063285356
"Melbourne",145.7,2.0175970019588,-28.8833229284487,46.3452811157484
"Melbourne",145.8,2.0176074503568,-28.9169339429745,46.4145092101928
"Melbourne",145.9,2.01761700480272,-28.9505402879732,46.4837906089929
"Melbourne",146,2.01762566737365,-28.9841419290904,46.5531253092281
"Melbourne",146.1,2.01763344014669,-29.0177388320283,46.6225133079334
"Melbourne",146.2,2.017640325199,-29.0513309625452,46.6919546020989
"Melbourne",146.3,2.01764632460777,-29.0849182864554,46.7614491886701
"Melbourne",146.4,2.01765144045019,-29.1185007696298,46.8309970645472
"Melbourne",146.5,2.01765567480345,-29.1520783779951,46.9005982265854
"Melbourne",146.6,2.01765902974482,-29.1856510775343,46.9702526715949
"Melbourne",146.7,2.01766150735156,-29.2192188342863,47.0399603963402
"Melbourne",146.8,2.01766310970095,-29.2527816143465,47.1097213975405
"Melbourne",146.9,2.0176638388703,-29.286339383866,47.1795356718692
"Melbourne",147,2.01766369693694,-29.3198921090521,47.2494032159541
"Melbourne",147.1,2.01766268597825,-29.353439756168,47.3193240263769
"Melbourne",147.2,2.01766080807158,-29.3869822915331,47.3892980996735
"Melbourne",147.3,2.01765806529435,-29.4205196815228,47.4593254323336
"Melbourne",147.4,2.01765445972395,-29.4540518925681,47.5294060208003
"Melbourne",147.5,2.01764999343785,-29.4875788911563,47.5995398614707
"Melbourne",147.6,2.01764466851351,-29.5211006438304,47.669726950695
"Melbourne",147.7,2.01763848702841,-29.5546171171895,47.7399672847771
"Melbourne",147.8,2.01763145106004,-29.5881282778884,47.8102608599736
"Melbourne",147.9,2.01762356268596,-29.6216340926377,47.8806076724945
"Melbourne",148,2.0176148239837,-29.6551345282041,47.9510077185025
"Melbourne",148.1,2.01760523703083,-29.6886295514097,48.0214609941133
"Melbourne",148.2,2.01759480390495,-29.7221191291326,48.0919674953951
"Melbourne",148.3,2.01758352668366,-29.7556032283068,48.1625272183686
"Melbourne",148.4,2.01757140744458,-29.7890818159217,48.233140159007
"Melbourne",148.5,2.01755844826539,-29.8225548590225,48.3038063132357
"Melbourne",148.6,2.01754465122372,-29.8560223247103,48.3745256769322
"Melbourne",148.7,2.01753001839728,-29.8894841801416,48.445298245926
"Melbourne",148.8,2.01751455186376,-29.9229403925286,48.5161240159985
"Melbourne",148.9,2.01749825370092,-29.9563909291391,48.5870029828827
"Melbourne",149,2.0174811259865,-29.9898357572966,48.6579351422634
"Melbourne",149.1,2.01746317079825,-30.0232748443799,48.7289204897767
"Melbourne",149.2,2.01744439021394,-30.0567081578236,48.7999590210101
"Melbourne",149.3,2.01742478631139,-30.0901356651177,48.8710507315022
"Melbourne",149.4,2.01740436116844,-30.1235573338076,48.9421956167428
"Melbourne",149.5,2.0173831168629,-30.1569731314942,49.0133936721726
"Melbourne",149.6,2.01736105547263,-30.1903830258339,49.0846448931829
"Melbourne",149.7,2.01733817907552,-30.2237869845385,49.155949275116
"Melbourne",149.8,2.01731448974947,-30.2571849753751,49.2273068132645
"Melbourne",149.9,2.01728998957236,-30.2905769661662,49.2987175028714
"Melbourne",150,2.01726468062213,-30.3239629247897,49.37018133913
"Melbourne",150.1,2.01723856497673,-30.3573428191785,49.4416983171838
"Melbourne",150.2,2.01721164471411,-30.3907166173213,49.5132684321263
"Melbourne",150.3,2.01718392191228,-30.4240842872615,49.5848916790008
"Melbourne",150.4,2.0171553986492,-30.4574457970981,49.6565680528003
"Melbourne",150.5,2.01712607700288,-30.4908011149852,49.7282975484674
"Melbourne",150.6,2.01709595905137,-30.5241502091319,49.8000801608944
"Melbourne",150.7,2.01706504687271,-30.5574930478027,49.8719158849225
"Melbourne",150.8,2.01703334254497,-30.5908295993171,49.9438047153426
"Melbourne",150.9,2.01700084814622,-30.6241598320497,50.0157466468942
"Melbourne",151,2.01696756575451,-30.6574837144301,50.0877416742661
"Melbourne",151.1,2.01693349744803,-30.690801214943,50.1597897920956
"Melbourne",151.2,2.01689864530483,-30.7241123021281,50.2318909949689
"Melbourne",151.3,2.01686301140309,-30.7574169445802,50.3040452774207
"Melbourne",151.4,2.01682659782094,-30.7907151109488,50.3762526339339
"Melbourne",151.5,2.01678940663654,-30.8240067699386,50.4485130589399
"Melbourne",151.6,2.01675143992812,-30.8572918903089,50.520826546818
"Melbourne",151.7,2.01671269977386,-30.8905704408742,50.5931930918958
"Melbourne",151.8,2.01667318825194,-30.9238423905036,50.6656126884485
"Melbourne",151.9,2.01663290744061,-30.9571077081212,50.7380853306991
"Melbourne",152,2.01659185941812,-30.9903663627056,50.8106110128181
"Melbourne",152.1,2.01655004626271,-31.0236183232905,50.8831897289238
"Melbourne",152.2,2.01650747005264,-31.0568635589641,50.9558214730814
"Melbourne",152.3,2.01646413286622,-31.0901020388695,51.0285062393036
"Melbourne",152.4,2.01642003678173,-31.1233337322042,51.10124402155
"Melbourne",152.5,2.01637518387747,-31.1565586082205,51.1740348137271
"Melbourne",152.6,2.01632957623179,-31.1897766362255,51.2468786096883
"Melbourne",152.7,2.016283215923,-31.2229877855805,51.3197754032336
"Melbourne",152.8,2.01623610502946,-31.2561920257017,51.3927251881095
"Melbourne",152.9,2.01618824562955,-31.2893893260596,51.4657279580089
"Melbourne",153,2.01613963980158,-31.3225796561793,51.5387837065709
"Melbourne",153.1,2.01609028962402,-31.3557629856404,51.6118924273809
"Melbourne",153.2,2.01604019717521,-31.388939284077,51.68505411397
"Melbourne",153.3,2.01598936453358,-31.4221085211773,51.7582687598153
"Melbourne",153.4,2.01593779377753,-31.4552706666842,51.8315363583397
"Melbourne",153.5,2.01588548698555,-31.4884256903949,51.9048569029114
"Melbourne",153.6,2.01583244623604,-31.5215735621608,51.9782303868444
"Melbourne",153.7,2.01577867360747,-31.5547142518877,52.0516568033977
"Melbourne",153.8,2.0157241711783,-31.5878477295356,52.1251361457756
"Melbourne",153.9,2.01566894102703,-31.6209739651187,52.1986684071274
"Melbourne",154,2.01561298523214,-31.6540929287056,52.2722535805473
"Melbourne",154.1,2.01555630587213,-31.6872045904188,52.3458916590744
"Melbourne",154.2,2.01549890502553,-31.7203089204351,52.4195826356921
"Melbourne",154.3,2.01544078477085,-31.7534058889855,52.4933265033287
"Melbourne",154.4,2.01538194718662,-31.7864954663547,52.5671232548565
"Melbourne",154.5,2.01532239435138,-31.8195776228819,52.6409728830922
"Melbourne",154.6,2.01526212834371,-31.8526523289601,52.7148753807966
"Melbourne",154.7,2.01520115124216,-31.8857195550362,52.7888307406744
"Melbourne",154.8,2.01513946512533,-31.9187792716113,52.8628389553743
"Melbourne",154.9,2.01507707207174,-31.9518314492402,52.9369000174882
"Melbourne",155,2.01501397416006,-31.9848760585316,53.011013919552
"Melbourne",155.1,2.01495017346884,-32.0179130701483,53.0851806540448
"Melbourne",155.2,2.01488567207673,-32.0509424548066,53.1594002133891
"Melbourne",155.3,2.01482047206232,-32.0839641832768,53.2336725899504
"Melbourne",155.4,2.01475457550429,-32.116978226383,53.3079977760373
"Melbourne",155.5,2.01468798448121,-32.1499845550028,53.3823757639012
"Melbourne",155.6,2.01462070107179,-32.1829831400678,53.4568065457363
"Melbourne",155.7,2.01455272735467,-32.2159739525631,53.5312901136793
"Melbourne",155.8,2.01448406540852,-32.2489569635274,53.6058264598094
"Melbourne",155.9,2.01441471731199,-32.281932144053,53.680415576148
"Melbourne",156,2.01434468514379,-32.314899465286,53.755057454659
"Melbourne",156.1,2.01427397098259,-32.3478588984257,53.829752087248
"Melbourne",156.2,2.01420257690712,-32.3808104147251,53.9044994657627
"Melbourne",156.3,2.01413050499608,-32.4137539854907,53.9792995819925
"Melbourne",156.4,2.01405775732815,-32.4466895820824,54.0541524276685
"Melbourne",156.5,2.0139843359821,-32.4796171759134,54.1290579944633
"Melbourne",156.6,2.01391024303661,-32.5125367384504,54.2040162739906
"Melbourne",156.7,2.01383548057046,-32.5454482412134,54.2790272578057
"Melbourne",156.8,2.01376005066238,-32.5783516557758,54.3540909374049
"Melbourne",156.9,2.0136839553911,-32.611246953764,54.4292073042253
"Melbourne",157,2.01360719683541,-32.6441341068579,54.5043763496448
"Melbourne",157.1,2.01352977707407,-32.6770130867906,54.5795980649823
"Melbourne",157.2,2.01345169818583,-32.7098838653481,54.6548724414969
"Melbourne",157.3,2.01337296224948,-32.74274641437,54.7301994703882
"Melbourne",157.4,2.01329357134381,-32.7756007057485,54.8055791427961
"Melbourne",157.5,2.0132135275476,-32.8084467114292,54.8810114498007
"Melbourne",157.6,2.01313283293965,-32.8412844034107,54.9564963824219
"Melbourne",157.7,2.01305148959876,-32.8741137537445,55.0320339316197
"Melbourne",157.8,2.01296949960375,-32.9069347345351,55.1076240882935
"Melbourne",157.9,2.0128868650334,-32.9397473179398,55.1832668432827
"Melbourne",158,2.01280358796656,-32.9725514761692,55.2589621873657
"Melbourne",158.1,2.01271967048207,-33.0053471814864,55.3347101112606
"Melbourne",158.2,2.0126351146587,-33.0381344062074,55.4105106056243
"Melbourne",158.3,2.01254992257534,-33.070913122701,55.4863636610531
"Melbourne",158.4,2.01246409631082,-33.1036833033889,55.5622692680819
"Melbourne",158.5,2.01237763794395,-33.1364449207453,55.6382274171845
"Melbourne",158.6,2.01229054955363,-33.1691979472972,55.7142380987732
"Melbourne",158.7,2.01220283321868,-33.2019423556243,55.790301303199
"Melbourne",158.8,2.01211449101797,-33.2346781183588,55.866417020751
"Melbourne",158.9,2.01202552503035,-33.2674052081857,55.9425852416567
"Melbourne",159,2.01193593733469,-33.3001235978422,56.0188059560814
"Melbourne",159.1,2.01184573000988,-33.3328332601183,56.0950791541287
"Melbourne",159.2,2.01175490513479,-33.3655341678563,56.1714048258397
"Melbourne",159.3,2.01166346478827,-33.3982262939512,56.2477829611932
"Melbourne",159.4,2.01157141104924,-33.4309096113501,56.3242135501057
"Melbourne",159.5,2.01147874599656,-33.4635840930525,56.4006965824307
"Melbourne",159.6,2.01138547170914,-33.4962497121105,56.4772320479594
"Melbourne",159.7,2.01129159026587,-33.5289064416283,56.5538199364198
"Melbourne",159.8,2.01119710374562,-33.5615542547622,56.630460237477
"Melbourne",159.9,2.01110201422732,-33.594193124721,56.7071529407326
"Melbourne",160,2.01100632378985,-33.6268230247657,56.7838980357254
"Melbourne",160.1,2.01091003451215,-33.6594439282091,56.8606955119303
"Melbourne",160.2,2.01081314847307,-33.6920558084165,56.937545358759
"Melbourne",160.3,2.01071566775157,-33.7246586388051,57.014447565559
"Melbourne",160.4,2.01061759442656,-33.7572523928441,57.0914021216144
"Melbourne",160.5,2.01051893057693,-33.7898370440548,57.1684090161449
"Melbourne",160.6,2.01041967828162,-33.8224125660105,57.2454682383064
"Melbourne",160.7,2.01031983961952,-33.8549789323362,57.3225797771902
"Melbourne",160.8,2.01021941666959,-33.887536116709,57.3997436218235
"Melbourne",160.9,2.01011841151073,-33.9200840928577,57.4769597611685
"Melbourne",161,2.01001682622186,-33.9526228345632,57.5542281841231
"Melbourne",161.1,2.00991466288194,-33.9851523156579,57.6315488795202
"Melbourne",161.2,2.00981192356986,-34.017672510026,57.7089218361277
"Melbourne",161.3,2.00970861036458,-34.0501833916034,57.7863470426484
"Melbourne",161.4,2.00960472534499,-34.0826849343777,57.8638244877199
"Melbourne",161.5,2.00950027059008,-34.1151771123882,57.9413541599142
"Melbourne",161.6,2.00939524817874,-34.1476598997256,58.018936047738
"Melbourne",161.7,2.00928966018992,-34.1801332705324,58.0965701396323
"Melbourne",161.8,2.00918350870254,-34.2125971990023,58.1742564239721
"Melbourne",161.9,2.00907679579556,-34.2450516593808,58.2519948890667
"Melbourne",162,2.0089695235479,-34.2774966259645,58.3297855231589
"Melbourne",162.1,2.00886169403851,-34.3099320731018,58.4076283144258
"Melbourne",162.2,2.00875330934631,-34.342357975192,58.4855232509776
"Melbourne",162.3,2.00864437155026,-34.3747743066861,58.5634703208585
"Melbourne",162.4,2.00853488272927,-34.4071810420863,58.6414695120456
"Melbourne",162.5,2.00842484496231,-34.4395781559458,58.7195208124494
"Melbourne",162.6,2.00831426032828,-34.4719656228693,58.7976242099135
"Melbourne",162.7,2.00820313090615,-34.5043434175125,58.8757796922143
"Melbourne",162.8,2.00809145877485,-34.5367115145823,58.9539872470612
"Melbourne",162.9,2.0079792460133,-34.5690698888367,59.0322468620961
"Melbourne",163,2.00786649470046,-34.6014185150846,59.1105585248933
"Melbourne",163.1,2.00775320691526,-34.6337573681861,59.1889222229597
"Melbourne",163.2,2.00763938473663,-34.6660864230522,59.2673379437342
"Melbourne",163.3,2.00752503024348,-34.6984056546448,59.3458056745881
"Melbourne",163.4,2.0074101455148,-34.7307150379767,59.4243254028243
"Melbourne",163.5,2.00729473262946,-34.7630145481115,59.5028971156776
"Melbourne",163.6,2.00717879366643,-34.7953041601637,59.5815208003148
"Melbourne",163.7,2.00706233070465,-34.8275838492986,59.6601964438336
"Melbourne",163.8,2.006945345823,-34.8598535907321,59.7389240332637
"Melbourne",163.9,2.00682784110044,-34.8921133597309,59.8177035555657
"Melbourne",164,2.00670981861588,-34.9243631316123,59.8965349976315
"Melbourne",164.1,2.00659128044829,-34.9566028817442,59.9754183462836
"Melbourne",164.2,2.00647222867651,-34.9888325855451,60.0543535882758
"Melbourne",164.3,2.00635266537954,-35.0210522184841,60.1333407102923
"Melbourne",164.4,2.00623259263626,-35.0532617560805,60.2123796989479
"Melbourne",164.5,2.00611201252556,-35.0854611739045,60.2914705407878
"Melbourne",164.6,2.00599092712641,-35.1176504475764,60.3706132222876
"Melbourne",164.7,2.00586933851767,-35.1498295527668,60.4498077298527
"Melbourne",164.8,2.00574724877829,-35.181998465197,60.5290540498189
"Melbourne",164.9,2.00562465998715,-35.2141571606381,60.6083521684514
"Melbourne",165,2.00550157422315,-35.2463056149119,60.6877020719455
"Melbourne",165.1,2.00537799356522,-35.2784438038901,60.7671037464258
"Melbourne",165.2,2.00525392009223,-35.3105717034948,60.8465571779464
"Melbourne",165.3,2.00512935588308,-35.3426892896979,60.9260623524907
"Melbourne",165.4,2.00500430301667,-35.3747965385217,61.0056192559712
"Melbourne",165.5,2.00487876357187,-35.4068934260384,61.0852278742294
"Melbourne",165.6,2.00475273962759,-35.4389799283701,61.1648881930357
"Melbourne",165.7,2.00462623326272,-35.4710560216891,61.2446001980892
"Melbourne",165.8,2.0044992465561,-35.5031216822175,61.3243638750174
"Melbourne",165.9,2.00437178158663,-35.5351768862272,61.4041792093766
"Melbourne",166,2.00424384043316,-35.56722161004,61.484046186651
"Melbourne",166.1,2.0041154251746,-35.5992558300275,61.5639647922532
"Melbourne",166.2,2.00398653788978,-35.631279522611,61.6439350115237
"Melbourne",166.3,2.00385718065756,-35.6632926642616,61.7239568297309
"Melbourne",166.4,2.00372735555683,-35.6952952315,61.8040302320709
"Melbourne",166.5,2.0035970646664,-35.7272872008965,61.8841552036675
"Melbourne",166.6,2.00346631006514,-35.759268549071,61.9643317295717
"Melbourne",166.7,2.00333509383186,-35.791239252693,62.044559794762
"Melbourne",166.8,2.00320341804545,-35.8231992884815,62.1248393841441
"Melbourne",166.9,2.00307128478472,-35.8551486332048,62.2051704825504
"Melbourne",167,2.00293869612851,-35.8870872636808,62.2855530747407
"Melbourne",167.1,2.00280565415563,-35.9190151567766,62.3659871454009
"Melbourne",167.2,2.0026721609449,-35.9509322894088,62.4464726791441
"Melbourne",167.3,2.00253821857515,-35.9828386385432,62.5270096605095
"Melbourne",167.4,2.00240382912515,-36.0147341811948,62.6075980739626
"Melbourne",167.5,2.00226899467377,-36.0466188944279,62.6882379038953
"Melbourne",167.6,2.00213371729978,-36.0784927553559,62.7689291346252
"Melbourne",167.7,2.00199799908196,-36.1103557411413,62.849671750396
"Melbourne",167.8,2.00186184209912,-36.1422078289956,62.9304657353773
"Melbourne",167.9,2.00172524843003,-36.1740489961795,63.0113110736639
"Melbourne",168,2.00158822015348,-36.2058792200026,63.0922077492764
"Melbourne",168.1,2.00145075934826,-36.2376984778235,63.1731557461604
"Melbourne",168.2,2.00131286809309,-36.2695067470495,63.254155048187
"Melbourne",168.3,2.00117454846678,-36.301304005137,63.3352056391522
"Melbourne",168.4,2.00103580254805,-36.3330902295911,63.4163075027768
"Melbourne",168.5,2.00089663241567,-36.3648653979656,63.4974606227065
"Melbourne",168.6,2.00075704014839,-36.3966294878632,63.5786649825115
"Melbourne",168.7,2.00061702782492,-36.428382476935,63.6599205656864
"Melbourne",168.8,2.00047659752403,-36.4601243428812,63.7412273556504
"Melbourne",168.9,2.00033575132441,-36.4918550634501,63.8225853357466
"Melbourne",169,2.0001944913048,-36.5235746164388,63.9039944892421
"Melbourne",169.1,2.00005281954392,-36.5552829796929,63.9854547993283
"Melbourne",169.2,1.99991073812043,-36.5869801311064,64.0669662491199
"Melbourne",169.3,1.99976824911308,-36.6186660486218,64.1485288216555
"Melbourne",169.4,1.99962535460056,-36.6503407102298,64.2301424998969
"Melbourne",169.5,1.99948205666152,-36.6820040939697,64.3118072667296
"Melbourne",169.6,1.99933835737467,-36.7136561779289,64.3935231049618
"Melbourne",169.7,1.99919425881867,-36.745296940243,64.4752899973253
"Melbourne",169.8,1.99904976307219,-36.776926359096,64.5571079264743
"Melbourne",169.9,1.99890487221388,-36.8085444127198,64.638976874986
"Melbourne",170,1.99875958832241,-36.8401510793945,64.7208968253602
"Melbourne",170.1,1.9986139134764,-36.8717463374485,64.8028677600192
"Melbourne",170.2,1.9984678497545,-36.9033301652579,64.8848896613074
"Melbourne",170.3,1.99832139923533,-36.9349025412468,64.9669625114917
"Melbourne",170.4,1.99817456399753,-36.9664634438875,65.0490862927609
"Melbourne",170.5,1.99802734611969,-36.9980128516999,65.1312609872257
"Melbourne",170.6,1.99787974768042,-37.0295507432519,65.2134865769184
"Melbourne",170.7,1.99773177075835,-37.0610770971591,65.2957630437932
"Melbourne",170.8,1.99758341743201,-37.0925918920849,65.3780903697257
"Melbourne",170.9,1.99743468978004,-37.1240951067403,65.4604685365126
"Melbourne",171,1.99728558988099,-37.1555867198843,65.5428975258721
"Melbourne",171.1,1.99713611981343,-37.1870667103231,65.6253773194431
"Melbourne",171.2,1.99698628165592,-37.2185350569106,65.7079078987857
"Melbourne",171.3,1.996836077487,-37.2499917385484,65.7904892453808
"Melbourne",171.4,1.99668550938523,-37.2814367341853,65.8731213406295
"Melbourne",171.5,1.99653457942912,-37.3128700228178,65.9558041658538
"Melbourne",171.6,1.99638328969722,-37.3442915834896,66.0385377022959
"Melbourne",171.7,1.99623164226803,-37.3757013952918,66.1213219311179
"Melbourne",171.8,1.99607963922006,-37.4070994373628,66.2041568334025
"Melbourne",171.9,1.9959272826318,-37.4384856888883,66.2870423901517
"Melbourne",172,1.99577457458178,-37.4698601291011,66.3699785822877
"Melbourne",172.1,1.99562151714845,-37.5012227372813,66.4529653906521
"Melbourne",172.2,1.99546811241027,-37.5325734927559,66.536002796006
"Melbourne",172.3,1.99531436244573,-37.5639123748992,66.6190907790299
"Melbourne",172.4,1.99516026933328,-37.5952393631325,66.7022293203234
"Melbourne",172.5,1.99500583515138,-37.6265544369238,66.7854184004051
"Melbourne",172.6,1.99485106197841,-37.6578575757883,66.8686579997127
"Melbourne",172.7,1.99469595189288,-37.6891487592881,66.9519480986023
"Melbourne",172.8,1.99454050697314,-37.7204279670319,67.0352886773491
"Melbourne",172.9,1.99438472929763,-37.7516951786754,67.1186797161462
"Melbourne",173,1.99422862094474,-37.7829503739211,67.2021211951055
"Melbourne",173.1,1.99407218399288,-37.8141935325179,67.2856130942568
"Melbourne",173.2,1.99391542052041,-37.8454246342616,67.3691553935481
"Melbourne",173.3,1.99375833260571,-37.8766436589945,67.4527480728451
"Melbourne",173.4,1.99360092232712,-37.9078505866056,67.5363911119314
"Melbourne",173.5,1.99344319176302,-37.9390453970302,67.6200844905082
"Melbourne",173.6,1.99328514299175,-37.9702280702503,67.7038281881943
"Melbourne",173.7,1.99312677809163,-38.001398586294,67.7876221845252
"Melbourne",173.8,1.99296809914098,-38.0325569252362,67.8714664589545
"Melbourne",173.9,1.99280910821813,-38.0637030671976,67.955360990852
"Melbourne",174,1.99264980740135,-38.0948369923457,68.0393057595049
"Melbourne",174.1,1.99249019876895,-38.125958680894,68.123300744117
"Melbourne",174.2,1.99233028439922,-38.157068113102,68.2073459238086
"Melbourne",174.3,1.99217006637042,-38.1881652692757,68.2914412776166
"Melbourne",174.4,1.99200954676082,-38.219250129767,68.3755867844942
"Melbourne",174.5,1.99184872764866,-38.2503226749737,68.4597824233106
"Melbourne",174.6,1.99168761111219,-38.2813828853399,68.5440281728512
"Melbourne",174.7,1.99152619922962,-38.3124307413554,68.6283240118172
"Melbourne",174.8,1.9913644940792,-38.343466223556,68.7126699188257
"Melbourne",174.9,1.99120249773912,-38.3744893125235,68.7970658724091
"Melbourne",175,1.99104021228758,-38.4054999888852,68.8815118510155
"Melbourne",175.1,1.99087763980275,-38.4364982333144,68.9660078330083
"Melbourne",175.2,1.99071478236281,-38.46748402653,69.0505537966657
"Melbourne",175.3,1.99055164204598,-38.4984573492966,69.1351497201815
"Melbourne",175.4,1.99038822093034,-38.5294181824244,69.2197955816638
"Melbourne",175.5,1.99022452109407,-38.5603665067692,69.304491359136
"Melbourne",175.6,1.9900605446153,-38.5913023032323,69.3892370305357
"Melbourne",175.7,1.98989629357216,-38.6222255527605,69.474032573715
"Melbourne",175.8,1.98973177004274,-38.6531362363459,69.5588779664403
"Melbourne",175.9,1.98956697610513,-38.6840343350262,69.6437731863922
"Melbourne",176,1.98940191383745,-38.7149198298842,69.7287182111654
"Melbourne",176.1,1.98923658531776,-38.7457927020481,69.8137130182684
"Melbourne",176.2,1.98907099262413,-38.7766529326914,69.8987575851232
"Melbourne",176.3,1.98890513783461,-38.8075005030327,69.9838518890659
"Melbourne",176.4,1.98873902302723,-38.8383353943357,70.0689959073454
"Melbourne",176.5,1.98857265028003,-38.8691575879092,70.1541896171244
"Melbourne",176.6,1.98840602167105,-38.8999670651071,70.2394329954786
"Melbourne",176.7,1.98823913927826,-38.9307638073283,70.3247260193964
"Melbourne",176.8,1.9880720051797,-38.9615477960166,70.4100686657797
"Melbourne",176.9,1.98790462145331,-38.9923190126607,70.4954609114424
"Melbourne",177,1.98773699017707,-39.0230774387942,70.5809027331117
"Melbourne",177.1,1.98756911342894,-39.0538230559954,70.6663941074265
"Melbourne",177.2,1.98740099328691,-39.0845558458873,70.7519350109385
"Melbourne",177.3,1.98723263182887,-39.1152757901379,70.8375254201113
"Melbourne",177.4,1.98706403113276,-39.1459828704596,70.9231653113206
"Melbourne",177.5,1.98689519327648,-39.1766770686094,71.008854660854
"Melbourne",177.6,1.98672612033797,-39.207358366389,71.0945934449106
"Melbourne",177.7,1.98655681439506,-39.2380267456445,71.1803816396014
"Melbourne",177.8,1.98638727752567,-39.2686821882664,71.2662192209484
"Melbourne",177.9,1.98621751180763,-39.2993246761899,71.3521061648851
"Melbourne",178,1.98604751931883,-39.3299541913942,71.4380424472564
"Melbourne",178.1,1.98587730213708,-39.3605707159029,71.5240280438177
"Melbourne",178.2,1.98570686234023,-39.3911742317842,71.6100629302354
"Melbourne",178.3,1.98553620200608,-39.42176472115,71.6961470820868
"Melbourne",178.4,1.98536532321241,-39.4523421661567,71.7822804748596
"Melbourne",178.5,1.98519422803705,-39.4829065490048,71.868463083952
"Melbourne",178.6,1.98502291855776,-39.5134578519387,71.9546948846723
"Melbourne",178.7,1.98485139685227,-39.5439960572469,72.040975852239
"Melbourne",178.8,1.9846796649984,-39.574521147262,72.1273059617807
"Melbourne",178.9,1.98450772507384,-39.6050331043603,72.2136851883356
"Melbourne",179,1.98433557915634,-39.6355319109621,72.300113506852
"Melbourne",179.1,1.9841632293236,-39.6660175495315,72.3865908921872
"Melbourne",179.2,1.98399067765331,-39.6964900025763,72.4731173191084
"Melbourne",179.3,1.98381792622317,-39.7269492526482,72.5596927622918
"Melbourne",179.4,1.98364497711088,-39.7573952823424,72.6463171963226
"Melbourne",179.5,1.98347183239405,-39.7878280742978,72.7329905956954
"Melbourne",179.6,1.98329849415038,-39.8182476111968,72.8197129348132
"Melbourne",179.7,1.98312496445745,-39.8486538757654,72.9064841879878
"Melbourne",179.8,1.98295124539294,-39.8790468507731,72.9933043294398
"Melbourne",179.9,1.98277733903442,-39.9094265190327,73.0801733332977
"Melbourne",180,1.98260324745954,-39.9397928634005,73.1670911735988
"Melbourne",180.1,1.98242897274581,-39.9701458667762,73.2540578242881
"Melbourne",180.2,1.98225451697085,-40.0004855121024,73.3410732592187
"Melbourne",180.3,1.9820798822122,-40.0308117823653,73.4281374521516
"Melbourne",180.4,1.98190507054739,-40.0611246605941,73.5152503767553
"Melbourne",180.5,1.98173008405398,-40.0914241298613,73.6024120066062
"Melbourne",180.6,1.98155492480947,-40.1217101732823,73.6896223151875
"Melbourne",180.7,1.98137959489137,-40.1519827740155,73.77688127589
"Melbourne",180.8,1.98120409637719,-40.1822419152625,73.8641888620118
"Melbourne",180.9,1.98102843134436,-40.2124875802675,73.9515450467574
"Melbourne",181,1.98085260187038,-40.2427197523179,74.0389498032388
"Melbourne",181.1,1.98067661003267,-40.2729384147438,74.126403104474
"Melbourne",181.2,1.9805004579087,-40.3031435509179,74.2139049233879
"Melbourne",181.3,1.98032414757587,-40.333335144256,74.3014552328117
"Melbourne",181.4,1.98014768111161,-40.3635131782161,74.3890540054829
"Melbourne",181.5,1.97997106059329,-40.3936776362993,74.4767012140449
"Melbourne",181.6,1.97979428809831,-40.423828502049,74.5643968310473
"Melbourne",181.7,1.97961736570405,-40.4539657590511,74.6521408289453
"Melbourne",181.8,1.97944029548782,-40.4840893909342,74.7399331800999
"Melbourne",181.9,1.97926307952698,-40.514199381369,74.8277738567774
"Melbourne",182,1.97908571989889,-40.5442957140688,74.9156628311499
"Melbourne",182.1,1.97890821868083,-40.5743783727893,75.0036000752941
"Melbourne",182.2,1.97873057795008,-40.6044473413283,75.0915855611924
"Melbourne",182.3,1.97855279978398,-40.6345026035257,75.1796192607318
"Melbourne",182.4,1.97837488625976,-40.6645441432639,75.2677011457041
"Melbourne",182.5,1.9781968394547,-40.6945719444673,75.355831187806
"Melbourne",182.6,1.97801866144602,-40.7245859911022,75.4440093586384
"Melbourne",182.7,1.97784035431097,-40.754586267177,75.5322356297066
"Melbourne",182.8,1.97766192012676,-40.7845727567423,75.6205099724204
"Melbourne",182.9,1.97748336097059,-40.8145454438903,75.7088323580933
"Melbourne",183,1.97730467891963,-40.8445043127552,75.7972027579432
"Melbourne",183.1,1.9771258760511,-40.8744493475131,75.8856211430912
"Melbourne",183.2,1.9769469544421,-40.9043805323816,75.9740874845626
"Melbourne",183.3,1.97676791616981,-40.9342978516204,76.0626017532858
"Melbourne",183.4,1.97658876331135,-40.9642012895305,76.1511639200928
"Melbourne",183.5,1.97640949794384,-40.9940908304547,76.2397739557189
"Melbourne",183.6,1.97623012214438,-41.0239664587775,76.328431830802
"Melbourne",183.7,1.97605063799009,-41.0538281589244,76.4171375158833
"Melbourne",183.8,1.97587104755799,-41.083675915363,76.5058909814068
"Melbourne",183.9,1.97569135292515,-41.1135097126018,76.594692197719
"Melbourne",184,1.97551155616864,-41.143329535191,76.6835411350691
"Melbourne",184.1,1.9753316593655,-41.1731353677219,76.7724377636084
"Melbourne",184.2,1.9751516645927,-41.2029271948272,76.8613820533904
"Melbourne",184.3,1.97497157392728,-41.2327050011806,76.9503739743709
"Melbourne",184.4,1.97479138944618,-41.2624687714971,77.0394134964074
"Melbourne",184.5,1.97461111322645,-41.2922184905328,77.1285005892593
"Melbourne",184.6,1.974430747345,-41.3219541430849,77.2176352225878
"Melbourne",184.7,1.97425029387877,-41.3516757139914,77.3068173659552
"Melbourne",184.8,1.97406975490471,-41.3813831881315,77.3960469888254
"Melbourne",184.9,1.97388913249972,-41.4110765504251,77.4853240605635
"Melbourne",185,1.97370842874069,-41.440755785833,77.5746485504355
"Melbourne",185.1,1.97352764570455,-41.4704208793569,77.6640204276086
"Melbourne",185.2,1.97334678546814,-41.500071816039,77.7534396611504
"Melbourne",185.3,1.97316585010832,-41.5297085809624,77.8429062200295
"Melbourne",185.4,1.97298484170194,-41.5593311592508,77.9324200731148
"Melbourne",185.5,1.97280376232583,-41.5889395360685,78.0219811891756
"Melbourne",185.6,1.97262261405677,-41.6185336966202,78.1115895368812
"Melbourne",185.7,1.97244139897161,-41.6481136261513,78.2012450848013
"Melbourne",185.8,1.97226011914711,-41.6776793099474,78.2909478014054
"Melbourne",185.9,1.97207877666001,-41.7072307333346,78.3806976550625
"Melbourne",186,1.97189737358714,-41.7367678816794,78.4704946140415
"Melbourne",186.1,1.97171591200516,-41.7662907403885,78.560338646511
"Melbourne",186.2,1.97153439399085,-41.7957992949088,78.6502297205382
"Melbourne",186.3,1.97135282162089,-41.8252935307274,78.7401678040903
"Melbourne",186.4,1.97117119697199,-41.8547734333715,78.8301528650333
"Melbourne",186.5,1.97098952212083,-41.8842389884084,78.9201848711318
"Melbourne",186.6,1.97080779914409,-41.9136901814455,79.0102637900495
"Melbourne",186.7,1.97062603011839,-41.94312699813,79.1003895893486
"Melbourne",186.8,1.97044421712038,-41.9725494241491,79.19056223649
"Melbourne",186.9,1.9702623622267,-42.0019574452298,79.2807816988325
"Melbourne",187,1.97008046751395,-42.0313510471391,79.3710479436335
"Melbourne",187.1,1.96989853505871,-42.0607302156836,79.4613609380484
"Melbourne",187.2,1.96971656693758,-42.0900949367095,79.5517206491303
"Melbourne",187.3,1.9695345652271,-42.119445196103,79.6421270438303
"Melbourne",187.4,1.96935253200383,-42.1487809797895,79.7325800889969
"Melbourne",187.5,1.96917046934431,-42.1781022737343,79.8230797513763
"Melbourne",187.6,1.96898837932507,-42.207409063942,79.9136259976121
"Melbourne",187.7,1.96880626402256,-42.2367013364566,80.0042187942446
"Melbourne",187.8,1.96862412551333,-42.2659790773617,80.0948581077119
"Melbourne",187.9,1.96844196587382,-42.2952422727801,80.1855439043484
"Melbourne",188,1.96825978718049,-42.3244909088739,80.2762761503856
"Melbourne",188.1,1.96807759150983,-42.3537249718444,80.3670548119515
"Melbourne",188.2,1.9678953809382,-42.3829444479323,80.4578798550706
"Melbourne",188.3,1.96771315754207,-42.4121493234172,80.5487512456638
"Melbourne",188.4,1.96753092339783,-42.4413395846179,80.6396689495482
"Melbourne",188.5,1.96734868058184,-42.4705152178921,80.7306329324368
"Melbourne",188.6,1.9671664311705,-42.4996762096366,80.8216431599388
"Melbourne",188.7,1.96698417724015,-42.5288225462872,80.912699597559
"Melbourne",188.8,1.96680192086713,-42.5579542143184,81.0038022106979
"Sydney",-53.8,25.7784756687536,-7.74537640085837,71.4843584457748
"Sydney",-53.7,25.6960765647969,-7.72775861489408,71.2270497239005
"Sydney",-53.6,25.6137323458748,-7.71013797912052,70.970130503514
"Sydney",-53.5,25.5314435746639,-7.69251457555792,70.7136019736751
"Sydney",-53.4,25.4492108122947,-7.67488848629141,70.4574653136577
"Sydney",-53.3,25.3670346183541,-7.65725979347116,70.201721692989
"Sydney",-53.2,25.2849155508882,-7.63962857931227,69.9463722714889
"Sydney",-53.1,25.2028541664046,-7.62199492609479,69.6914181993094
"Sydney",-53,25.1208510198757,-7.60435891616368,69.436860616974
"Sydney",-52.9,25.0389066647411,-7.58672063192881,69.1827006554172
"Sydney",-52.8,24.9570216529103,-7.56908015586493,68.9289394360241
"Sydney",-52.7,24.8751965347657,-7.55143757051165,68.6755780706699
"Sydney",-52.6,24.7934318591653,-7.53379295847344,68.4226176617597
"Sydney",-52.5,24.7117281734456,-7.51614640241955,68.1700593022681
"Sydney",-52.4,24.6300860234243,-7.49849798508406,67.917904075779
"Sydney",-52.3,24.5485059534033,-7.48084778926578,67.6661530565256
"Sydney",-52.2,24.466988506172,-7.46319589782829,67.4148073094299
"Sydney",-52.1,24.3855342230092,-7.44554239369987,67.163867890143
"Sydney",-52,24.3041436436872,-7.4278873598735,66.9133358450846
"Sydney",-51.9,24.2228173064742,-7.41023087940678,66.6632122114833
"Sydney",-51.8,24.1415557481373,-7.39257303542198,66.4134980174168
"Sydney",-51.7,24.0603595039455,-7.37491391110594,66.1641942818514
"Sydney",-51.6,23.9792291076731,-7.35725358971009,65.9153020146826
"Sydney",-51.5,23.8981650916025,-7.33959215455037,65.6668222167751
"Sydney",-51.4,23.817167986527,-7.3219296890072,65.4187558800028
"Sydney",-51.3,23.7362383217548,-7.3042662765255,65.1711039872895
"Sydney",-51.2,23.6553766251111,-7.28660200061457,64.9238675126484
"Sydney",-51.1,23.5745834229421,-7.26893694484816,64.6770474212231
"Sydney",-51,23.4938592401174,-7.25127119286432,64.4306446693274
"Sydney",-50.9,23.4132046000341,-7.23360482836541,64.1846602044859
"Sydney",-50.8,23.3326200246193,-7.21593793511809,63.9390949654742
"Sydney",-50.7,23.2521060343336,-7.19827059695322,63.6939498823594
"Sydney",-50.6,23.1716631481746,-7.18060289776584,63.4492258765406
"Sydney",-50.5,23.0912918836797,-7.16293492151518,63.204923860789
"Sydney",-50.4,23.0109927569298,-7.14526675222451,62.9610447392885
"Sydney",-50.3,22.9307662825527,-7.12759847398119,62.7175894076764
"Sydney",-50.2,22.850612973726,-7.10993017093654,62.4745587530836
"Sydney",-50.1,22.7705333421809,-7.09226192730589,62.2319536541751
"Sydney",-50,22.6905278982055,-7.07459382736842,61.9897749811908
"Sydney",-49.9,22.6105971506482,-7.0569259554672,61.7480235959857
"Sydney",-49.8,22.530741606921,-7.03925839600911,61.5067003520707
"Sydney",-49.7,22.4509617730031,-7.02159123346474,61.265806094653
"Sydney",-49.6,22.3712581534445,-7.00392455236842,61.0253416606767
"Sydney",-49.5,22.2916312513692,-6.98625843731809,60.7853078788636
"Sydney",-49.4,22.2120815684791,-6.96859297297532,60.5457055697533
"Sydney",-49.3,22.1326096050572,-6.95092824406511,60.3065355457445
"Sydney",-49.2,22.0532158599712,-6.93326433537604,60.0677986111347
"Sydney",-49.1,21.9739008306775,-6.91560133176004,59.8294955621618
"Sydney",-49,21.8946650132243,-6.8979393181324,59.591627187044
"Sydney",-48.9,21.8155089022553,-6.88027837947166,59.3541942660206
"Sydney",-48.8,21.7364329910136,-6.86261860081966,59.1171975713927
"Sydney",-48.7,21.6574377713452,-6.84496006728129,58.8806378675637
"Sydney",-48.6,21.5785237337027,-6.82730286402465,58.6445159110803
"Sydney",-48.5,21.499691367149,-6.80964707628076,58.4088324506724
"Sydney",-48.4,21.4209411593611,-6.79199278934363,58.1735882272943
"Sydney",-48.3,21.3422735966337,-6.77434008857015,57.9387839741652
"Sydney",-48.2,21.2636891638829,-6.75668905938006,57.7044204168094
"Sydney",-48.1,21.1851883446503,-6.73903978725577,57.4704982730976
"Sydney",-48,21.1067716211065,-6.72139235774241,57.2370182532869
"Sydney",-47.9,21.0284394740551,-6.70374685644767,57.0039810600617
"Sydney",-47.8,20.9501923829362,-6.68610336904176,56.7713873885738
"Sydney",-47.7,20.8720308258309,-6.66846198125735,56.5392379264838
"Sydney",-47.6,20.7939552794645,-6.65082277888941,56.3075333540009
"Sydney",-47.5,20.7159662192108,-6.63318584779523,56.0762743439236
"Sydney",-47.4,20.6380641190957,-6.61555127389429,55.8454615616807
"Sydney",-47.3,20.5602494518014,-6.59791914316817,55.6150956653709
"Sydney",-47.2,20.4825226886704,-6.58028954166048,55.3851773058042
"Sydney",-47.1,20.404884299709,-6.56266255547674,55.1557071265418
"Sydney",-47,20.3273347535918,-6.54503827078436,54.926685763937
"Sydney",-46.9,20.2498745176655,-6.52741677381249,54.698113847175
"Sydney",-46.8,20.1725040579527,-6.50979815085195,54.469991998314
"Sydney",-46.7,20.0952238391564,-6.49218248825516,54.2423208323253
"Sydney",-46.6,20.0180343246635,-6.47456987243599,54.0151009571335
"Sydney",-46.5,19.9409359765494,-6.45696038986971,53.7883329736572
"Sydney",-46.4,19.8639292555817,-6.43935412709293,53.5620174758493
"Sydney",-46.3,19.7870146212245,-6.42175117070338,53.3361550507368
"Sydney",-46.2,19.7101925316424,-6.40415160735993,53.1107462784619
"Sydney",-46.1,19.6334634437048,-6.38655552378243,52.8857917323215
"Sydney",-46,19.5568278129897,-6.36896300675164,52.661291978808
"Sydney",-45.9,19.4802860937884,-6.35137414310908,52.4372475776493
"Sydney",-45.8,19.4038387391093,-6.33378901975699,52.2136590818487
"Sydney",-45.7,19.3274862006822,-6.31620772365812,51.9905270377255
"Sydney",-45.6,19.2512289289625,-6.29863034183575,51.7678519849549
"Sydney",-45.5,19.1750673731354,-6.28105696137349,51.5456344566081
"Sydney",-45.4,19.0990019811205,-6.26348766941519,51.3238749791924
"Sydney",-45.3,19.0230331995754,-6.24592255316482,51.102574072691
"Sydney",-45.2,18.9471614739006,-6.22836169988638,50.8817322506035
"Sydney",-45.1,18.8713872482435,-6.21080519690373,50.6613500199853
"Sydney",-45,18.7957109655029,-6.19325313160057,50.441427881488
"Sydney",-44.9,18.720133067333,-6.1757055914202,50.2219663293987
"Sydney",-44.8,18.6446539941482,-6.15816266386545,50.0029658516805
"Sydney",-44.7,18.569274185127,-6.14062443649861,49.7844269300119
"Sydney",-44.6,18.4939940782168,-6.12309099694119,49.5663500398269
"Sydney",-44.5,18.4188141101379,-6.10556243287391,49.3487356503543
"Sydney",-44.4,18.3437347163885,-6.08803883203648,49.1315842246576
"Sydney",-44.3,18.2687563312482,-6.0705202822275,48.914896219675
"Sydney",-44.2,18.1938793877834,-6.05300687130435,48.6986720862585
"Sydney",-44.1,18.1191043178512,-6.03549868718303,48.4829122692137
"Sydney",-44,18.044431552104,-6.01799581783801,48.2676172073395
"Sydney",-43.9,17.969861519994,-6.00049835130215,48.0527873334672
"Sydney",-43.8,17.8953946497777,-5.98300637566649,47.8384230745005
"Sydney",-43.7,17.8210313685204,-5.9655199790801,47.6245248514543
"Sydney",-43.6,17.7467721021007,-5.94803924975006,47.4110930794944
"Sydney",-43.5,17.6726172752153,-5.93056427594114,47.1981281679771
"Sydney",-43.4,17.598567311383,-5.91309514597579,46.9856305204877
"Sydney",-43.3,17.52462263295,-5.89563194823388,46.7736005348806
"Sydney",-43.2,17.4507836610937,-5.87817477115267,46.5620386033177
"Sydney",-43.1,17.3770508158282,-5.86072370322653,46.3509451123082
"Sydney",-43,17.3034245160079,-5.84327883300688,46.1403204427472
"Sydney",-42.9,17.2299051793332,-5.82584024910195,45.930164969955
"Sydney",-42.8,17.1564932223541,-5.8084080401767,45.720479063716
"Sydney",-42.7,17.0831890604758,-5.7909822949526,45.5112630883176
"Sydney",-42.6,17.0099931079627,-5.77356310220748,45.3025174025892
"Sydney",-42.5,16.9369057779433,-5.75615055077535,45.094242359941
"Sydney",-42.4,16.8639274824151,-5.73874472954627,44.8864383084026
"Sydney",-42.3,16.7910586322491,-5.72134572746615,44.6791055906621
"Sydney",-42.2,16.7182996371945,-5.70395363353656,44.4722445441045
"Sydney",-42.1,16.6456509058835,-5.68656853681457,44.2658555008503
"Sydney",-42,16.5731128458363,-5.66919052641259,44.0599387877943
"Sydney",-41.9,16.5006858634654,-5.65181969149815,43.854494726644
"Sydney",-41.8,16.4283703640806,-5.63445612129376,43.6495236339581
"Sydney",-41.7,16.356166751894,-5.61709990507667,43.4450258211847
"Sydney",-41.6,16.2840754300247,-5.59975113217874,43.2410015947001
"Sydney",-41.5,16.2120968005033,-5.5824098919862,43.0374512558467
"Sydney",-41.4,16.1402312642771,-5.56507627393947,42.8343751009715
"Sydney",-41.3,16.0684792212148,-5.54775036753301,42.6317734214639
"Sydney",-41.2,15.9968410701116,-5.53043226231504,42.4296465037944
"Sydney",-41.1,15.9253172086936,-5.51312204788741,42.2279946295523
"Sydney",-41,15.8539080336231,-5.49581981390533,42.0268180754838
"Sydney",-40.9,15.7826139405034,-5.47852565007725,41.82611711353
"Sydney",-40.8,15.7114353238837,-5.46123964616455,41.6258920108646
"Sydney",-40.7,15.6403725772637,-5.44396189198142,41.4261430299322
"Sydney",-40.6,15.5694260930991,-5.42669247739457,41.2268704284855
"Sydney",-40.5,15.4985962628065,-5.40943149232307,41.0280744596234
"Sydney",-40.4,15.4278834767676,-5.3921790267381,40.8297553718286
"Sydney",-40.3,15.3572881243351,-5.37493517066272,40.6319134090052
"Sydney",-40.2,15.2868105938373,-5.3577000141717,40.434548810516
"Sydney",-40.1,15.216451272583,-5.34047364739116,40.2376618112206
"Sydney",-40,15.1462105468666,-5.32325616049854,40.0412526415119
"Sydney",-39.9,15.0760888019734,-5.30604764372216,39.8453215273544
"Sydney",-39.8,15.006086422184,-5.28884818734109,39.6498686903207
"Sydney",-39.7,14.93620379078,-5.27165788168493,39.4548943476292
"Sydney",-39.6,14.8664412900487,-5.25447681713348,39.2603987121813
"Sydney",-39.5,14.7967993012883,-5.23730508411657,39.066381992598
"Sydney",-39.4,14.727278204813,-5.22014277311378,38.8728443932578
"Sydney",-39.3,14.6578783799578,-5.20298997465415,38.6797861143326
"Sydney",-39.2,14.5886002050842,-5.18584677931598,38.4872073518255
"Sydney",-39.1,14.5194440575847,-5.16871327772655,38.2951082976074
"Sydney",-39,14.4504103138882,-5.15158956056184,38.1034891394533
"Sydney",-38.9,14.3814993494653,-5.13447571854629,37.91235006108
"Sydney",-38.8,14.3127115388332,-5.11737184245251,37.7216912421815
"Sydney",-38.7,14.2440472555609,-5.10027802310097,37.5315128584669
"Sydney",-38.6,14.1755068722745,-5.08319435135981,37.3418150816959
"Sydney",-38.5,14.1070907606625,-5.0661209181445,37.1525980797158
"Sydney",-38.4,14.0387992914804,-5.04905781441753,36.9638620164975
"Sydney",-38.3,13.9706328345567,-5.03200513118819,36.7756070521724
"Sydney",-38.2,13.9025917587975,-5.01496295951223,36.5878333430679
"Sydney",-38.1,13.8346764321921,-4.99793139049153,36.4005410417444
"Sydney",-38,13.7668872218182,-4.98091051527392,36.2137302970307
"Sydney",-37.9,13.699224493847,-4.96390042505274,36.0274012540606
"Sydney",-37.8,13.6316886135484,-4.9469012110666,35.8415540543085
"Sydney",-37.7,13.5642799452966,-4.92991296459905,35.6561888356254
"Sydney",-37.6,13.4969988525752,-4.9129357769783,35.4713057322751
"Sydney",-37.5,13.4298456979824,-4.8959697395768,35.2869048749696
"Sydney",-37.4,13.3628208432365,-4.87901494381104,35.1029863909047
"Sydney",-37.3,13.2959246491812,-4.86207148114115,34.9195504037962
"Sydney",-37.2,13.2291574757906,-4.84513944307053,34.736597033915
"Sydney",-37.1,13.162519682175,-4.8282189211456,34.5541263981228
"Sydney",-37,13.0960116265861,-4.8113100069554,34.3721386099074
"Sydney",-36.9,13.0296336664221,-4.79441279213125,34.1906337794183
"Sydney",-36.8,12.9633861582336,-4.7775273683464,34.0096120135019
"Sydney",-36.7,12.8972694577284,-4.76065382731565,33.8290734157366
"Sydney",-36.6,12.8312839197771,-4.74379226079505,33.6490180864681
"Sydney",-36.5,12.765429898419,-4.72694276058147,33.4694461228445
"Sydney",-36.4,12.6997077468666,-4.71010541851222,33.2903576188514
"Sydney",-36.3,12.6341178175118,-4.69328032646476,33.1117526653465
"Sydney",-36.2,12.5686604619309,-4.67646757635619,32.933631350095
"Sydney",-36.1,12.5033360308903,-4.659667260143,32.7559937578041
"Sydney",-36,12.4381448743517,-4.64287946982054,32.5788399701577
"Sydney",-35.9,12.3730873414778,-4.62610429742271,32.4021700658512
"Sydney",-35.8,12.3081637806376,-4.60934183502153,32.2259841206262
"Sydney",-35.7,12.2433745394121,-4.59259217472674,32.0502822073048
"Sydney",-35.6,12.1787199645996,-4.57585540868537,31.8750643958242
"Sydney",-35.5,12.1142004022212,-4.55913162908129,31.7003307532712
"Sydney",-35.4,12.0498161975264,-4.54242092813486,31.5260813439163
"Sydney",-35.3,11.9855676949987,-4.52572339810242,31.352316229248
"Sydney",-35.2,11.921455238361,-4.50903913127589,31.1790354680073
"Sydney",-35.1,11.8574791705812,-4.4923682199823,31.0062391162212
"Sydney",-35,11.7936398338776,-4.47571075658337,30.8339272272374
"Sydney",-34.9,11.7299375697249,-4.45906683347501,30.6620998517579
"Sydney",-34.8,11.6663727188591,-4.44243654308689,30.4907570378729
"Sydney",-34.7,11.6029456212839,-4.42581997788195,30.3198988310946
"Sydney",-34.6,11.5396566162756,-4.40921723035591,30.1495252743915
"Sydney",-34.5,11.4765060423889,-4.3926283930368,29.9796364082212
"Sydney",-34.4,11.4134942374628,-4.37605355848449,29.8102322705646
"Sydney",-34.3,11.3506215386259,-4.35949281929013,29.6413128969594
"Sydney",-34.2,11.2878882823022,-4.34294626807568,29.4728783205334
"Sydney",-34.1,11.2252948042165,-4.3264139974934,29.3049285720382
"Sydney",-34,11.1628414394005,-4.30989610022531,29.137463679882
"Sydney",-33.9,11.100528522198,-4.29339266898267,28.9704836701636
"Sydney",-33.8,11.0383563862708,-4.27690379650543,28.8039885667047
"Sydney",-33.7,10.9763253646045,-4.2604295755617,28.637978391084
"Sydney",-33.6,10.9144357895138,-4.24397009894718,28.4724531626695
"Sydney",-33.5,10.8526879926487,-4.2275254594846,28.3074128986517
"Sydney",-33.4,10.7910823049997,-4.21109575002317,28.1428576140767
"Sydney",-33.3,10.7296190569039,-4.19468106343795,27.9787873218789
"Sydney",-33.2,10.6682985780506,-4.17828149262933,27.8152020329136
"Sydney",-33.1,10.6071211974871,-4.16189713052235,27.65210175599
"Sydney",-33,10.5460872436242,-4.14552807006618,27.4894864979036
"Sydney",-32.9,10.4851970442424,-4.12917440423344,27.3273562634689
"Sydney",-32.8,10.4244509264971,-4.11283622601959,27.1657110555517
"Sydney",-32.7,10.3638492169249,-4.09651362844232,27.0045508751019
"Sydney",-32.6,10.3033922414491,-4.08020670454087,26.8438757211851
"Sydney",-32.5,10.2430803253857,-4.0639155473754,26.6836855910159
"Sydney",-32.4,10.1829137934488,-4.04764025002629,26.523980479989
"Sydney",-32.3,10.1228929697568,-4.03138090559352,26.3647603817125
"Sydney",-32.2,10.0630181778382,-4.01513760719593,26.2060252880387
"Sydney",-32.1,10.0032897406372,-3.99891044797055,26.0477751890971
"Sydney",-32,9.94370798051982,-3.98269952107188,25.8900100733259
"Sydney",-31.9,9.88427321927943,-3.96650491967119,25.7327299275038
"Sydney",-31.8,9.82498577814286,-3.95032673695574,25.575934736782
"Sydney",-31.7,9.76584597777619,-3.9341650661281,25.4196244847156
"Sydney",-31.6,9.70685413829067,-3.91802000040536,25.2637991532956
"Sydney",-31.5,9.64801057924849,-3.90189163301836,25.1084587229801
"Sydney",-31.4,9.58931561966878,-3.88578005721091,24.9536031727261
"Sydney",-31.3,9.53076957803354,-3.86968536623902,24.7992324800207
"Sydney",-31.2,9.4723727722934,-3.85360765337005,24.6453466209128
"Sydney",-31.1,9.41412551987373,-3.83754701188195,24.4919455700437
"Sydney",-31,9.35602813768044,-3.82150353506239,24.3390293006793
"Sydney",-30.9,9.29808094210598,-3.8054773162079,24.1865977847401
"Sydney",-30.8,9.24028424903529,-3.78946844862303,24.0346509928334
"Sydney",-30.7,9.18263837385174,-3.77347702561951,23.8831888942834
"Sydney",-30.6,9.12514363144312,-3.75750314051527,23.7322114571628
"Sydney",-30.5,9.0678003362076,-3.74154688663362,23.5817186483231
"Sydney",-30.4,9.01060880205973,-3.72560835730229,23.4317104334259
"Sydney",-30.3,8.95356934243645,-3.7096876458525,23.2821867769733
"Sydney",-30.2,8.89668227030302,-3.69378484561802,23.1331476423384
"Sydney",-30.1,8.83994789815916,-3.67790004993416,22.9845929917966
"Sydney",-30,8.78336653804499,-3.66203335213683,22.8365227865553
"Sydney",-29.9,8.72693850154709,-3.64618484556154,22.6889369867847
"Sydney",-29.8,8.6706640998045,-3.63035462354234,22.5418355516483
"Sydney",-29.7,8.61454364351486,-3.61454277941082,22.395218439333
"Sydney",-29.6,8.5585774429404,-3.59874940649502,22.2490856070792
"Sydney",-29.5,8.50276580791398,-3.58297459811836,22.1034370112114
"Sydney",-29.4,8.44710904784531,-3.56721844759861,21.958272607168
"Sydney",-29.3,8.39160747172687,-3.55148104824666,21.8135923495312
"Sydney",-29.2,8.33626138814017,-3.5357624933655,21.6693961920573
"Sydney",-29.1,8.28107110526166,-3.52006287624901,21.5256840877063
"Sydney",-29,8.22603693086907,-3.50438229018075,21.3824559886718
"Sydney",-28.9,8.17115917234736,-3.48872082843286,21.2397118464108
"Sydney",-28.8,8.11643813669496,-3.47307858426474,21.0974516116733
"Sydney",-28.7,8.06187413052985,-3.45745565092189,20.9556752345318
"Sydney",-28.6,8.00746746009573,-3.44185212163463,20.8143826644112
"Sydney",-28.5,7.95321843126824,-3.42626808961671,20.6735738501178
"Sydney",-28.4,7.89912734956104,-3.41070364806421,20.533248739869
"Sydney",-28.3,7.84519452013206,-3.39515889015396,20.3934072813223
"Sydney",-28.2,7.79142024778965,-3.37963390904238,20.2540494216051
"Sydney",-28.1,7.7378048369988,-3.36412879786399,20.1151751073433
"Sydney",-28,7.68434859188736,-3.34864364973,19.9767842846907
"Sydney",-27.9,7.63105181625223,-3.33317855772695,19.8388768993579
"Sydney",-27.8,7.57791481356562,-3.31773361491511,19.7014528966415
"Sydney",-27.7,7.52493788698125,-3.30230891432713,19.5645122214526
"Sydney",-27.6,7.47212133934065,-3.28690454896642,19.428054818346
"Sydney",-27.5,7.41946547317938,-3.27152061180561,19.2920806315486
"Sydney",-27.4,7.36697059073324,-3.25615719578501,19.1565896049886
"Sydney",-27.3,7.3146369939447,-3.24081439381096,19.0215816823235
"Sydney",-27.2,7.26246498446903,-3.22549229875417,18.8870568069687
"Sydney",-27.1,7.21045486368066,-3.2101910034481,18.7530149221266
"Sydney",-27,7.15860693267953,-3.1949106006872,18.6194559708142
"Sydney",-26.9,7.10692149229732,-3.17965118322514,18.4863798958918
"Sydney",-26.8,7.05539884310378,-3.16441284377312,18.3537866400912
"Sydney",-26.7,7.00403928541313,-3.14919567499797,18.2216761460437
"Sydney",-26.6,6.95284311929039,-3.13399976952032,18.0900483563085
"Sydney",-26.5,6.90181064455762,-3.11882521991276,17.9589032134005
"Sydney",-26.4,6.85094216080044,-3.10367211869779,17.8282406598181
"Sydney",-26.3,6.80023796737432,-3.088540558346,17.6980606380713
"Sydney",-26.2,6.74969836341095,-3.07343063127394,17.5683630907094
"Sydney",-26.1,6.69932364782466,-3.05834242984216,17.4391479603488
"Sydney",-26,6.64911411931883,-3.04327604635305,17.3104151897004
"Sydney",-25.9,6.59907007639229,-3.02823157304871,17.1821647215973
"Sydney",-25.8,6.54919181734568,-3.01320910210883,17.0543964990223
"Sydney",-25.7,6.49947964028801,-2.99820872564839,16.9271104651354
"Sydney",-25.6,6.44993384314299,-2.98323053571543,16.8003065633008
"Sydney",-25.5,6.4005547236555,-2.96827462428869,16.6739847371143
"Sydney",-25.4,6.35134257939813,-2.9533410832753,16.5481449304307
"Sydney",-25.3,6.30229770777755,-2.93843000450827,16.4227870873904
"Sydney",-25.2,6.25342040604102,-2.92354147974411,16.2979111524467
"Sydney",-25.1,6.2047109712829,-2.9086756006602,16.1735170703927
"Sydney",-25,6.15616970045116,-2.89383245885232,16.0496047863882
"Sydney",-24.9,6.1077968903539,-2.8790121458319,15.9261742459862
"Sydney",-24.8,6.05959283766577,-2.86421475302342,15.8032253951596
"Sydney",-24.7,6.01155783893463,-2.84944037176157,15.680758180328
"Sydney",-24.6,5.96369219058808,-2.83468909328846,15.558772548384
"Sydney",-24.5,5.91599618893985,-2.81996100875079,15.4372684467197
"Sydney",-24.4,5.86847013019665,-2.80525620919684,15.3162458232529
"Sydney",-24.3,5.82111431046441,-2.79057478557349,15.1957046264533
"Sydney",-24.2,5.7739290257552,-2.7759168287231,15.0756448053688
"Sydney",-24.1,5.72691457199352,-2.76128242938046,14.9560663096515
"Sydney",-24,5.68007124502314,-2.74667167816947,14.8369690895835
"Sydney",-23.9,5.63339934061355,-2.73208466559987,14.7183530961027
"Sydney",-23.8,5.58689915446673,-2.71752148206391,14.6002182808289
"Sydney",-23.7,5.54057098222365,-2.70298221783288,14.4825645960892
"Sydney",-23.6,5.49441511947097,-2.68846696305359,14.3653919949435
"Sydney",-23.5,5.44843186174779,-2.67397580774473,14.24870043121
"Sydney",-23.4,5.40262150455217,-2.65950884179325,14.1324898594908
"Sydney",-23.3,5.35698434334795,-2.64506615495049,14.0167602351969
"Sydney",-23.2,5.31152067357124,-2.6306478368284,13.9015115145732
"Sydney",-23.1,5.26623079063737,-2.61625397689553,13.7867436547239
"Sydney",-23,5.22111498994748,-2.601884664473,13.6724566136375
"Sydney",-22.9,5.17617356689521,-2.58753998873034,13.5586503502108
"Sydney",-22.8,5.1314068168735,-2.57322003868122,13.4453248242748
"Sydney",-22.7,5.08681503528128,-2.55892490317917,13.3324799966182
"Sydney",-22.6,5.0423985175303,-2.54465467091306,13.2201158290127
"Sydney",-22.5,4.99815755905189,-2.53040943040255,13.1082322842368
"Sydney",-22.4,4.95409245530363,-2.51618926999343,12.9968293261004
"Sydney",-22.3,4.91020350177631,-2.50199427785283,12.8859069194685
"Sydney",-22.2,4.86649099400056,-2.48782454196429,12.7754650302858
"Sydney",-22.1,4.82295522755387,-2.47368015012276,12.6655036255999
"Sydney",-22,4.77959649806718,-2.45956118992943,12.5560226735854
"Sydney",-21.9,4.73641510123195,-2.44546774878647,12.4470221435674
"Sydney",-21.8,4.69341133280685,-2.43139991389157,12.3385020060449
"Sydney",-21.7,4.6505854886246,-2.41735777223245,12.2304622327142
"Sydney",-21.6,4.60793786459912,-2.40334141058116,12.122902796492
"Sydney",-21.5,4.565468756732,-2.38935091548816,12.0158236715385
"Sydney",-21.4,4.52317846111974,-2.37538637327649,11.9092248332799
"Sydney",-21.3,4.48106727396045,-2.36144787003549,11.8031062584318
"Sydney",-21.2,4.43913549156099,-2.34753549161461,11.697467925021
"Sydney",-21.1,4.39738341034359,-2.33364932361687,11.5923098124086
"Sydney",-21,4.35581132685314,-2.31978945139234,11.4876319013115
"Sydney",-20.9,4.31441953776388,-2.30595596003124,11.3834341738249
"Sydney",-20.8,4.27320833988654,-2.29214893435703,11.2797166134444
"Sydney",-20.7,4.23217803017519,-2.27836845891926,11.176479205087
"Sydney",-20.6,4.19132890573441,-2.26461461798617,11.0737219351132
"Sydney",-20.5,4.15066126382611,-2.25088749553721,10.9714447913479
"Sydney",-20.4,4.11017540187668,-2.23718717525531,10.8696477631022
"Sydney",-20.3,4.069871617484,-2.22351374051883,10.7683308411933
"Sydney",-20.2,4.02975020842444,-2.20986727439355,10.6674940179663
"Sydney",-20.1,3.98981147265993,-2.19624785962419,10.5671372873139
"Sydney",-20,3.95005570834515,-2.18265557862584,10.4672606446972
"Sydney",-19.9,3.9104832138344,-2.1690905134751,10.3678640871654
"Sydney",-19.8,3.87109428768895,-2.15555274590105,10.268947613376
"Sydney",-19.7,3.83188922868389,-2.14204235727588,10.170511223614
"Sydney",-19.6,3.79286833581554,-2.12855942860528,10.0725549198118
"Sydney",-19.5,3.7540319083083,-2.11510404051871,9.97507870556766
"Sydney",-19.4,3.71538024562204,-2.10167627325912,9.87808258616516
"Sydney",-19.3,3.67691364745912,-2.08827620667266,9.78156656859137
"Sydney",-19.2,3.63863241377169,-2.07490392019795,9.6855306615554
"Sydney",-19.1,3.60053684476869,-2.06155949285505,9.58997487550621
"Sydney",-19,3.56262724092331,-2.04824300323424,9.49489922265063
"Sydney",-18.9,3.52490390298001,-2.0349545294843,9.40030371697056
"Sydney",-18.8,3.48736713196187,-2.02169414930061,9.30618837424013
"Sydney",-18.7,3.45001722917775,-2.00846193991285,9.21255321204271
"Sydney",-18.6,3.41285449622968,-1.99525797807232,9.11939824978709
"Sydney",-18.5,3.37587923501999,-1.98208234003896,9.02672350872387
"Sydney",-18.4,3.33909174775868,-1.96893510156793,8.93452901196106
"Sydney",-18.3,3.30249233697077,-1.95581633789584,8.84281478447961
"Sydney",-18.2,3.26608130550352,-1.94272612372661,8.75158085314842
"Sydney",-18.1,3.22985895653387,-1.92966453321678,8.66082724673904
"Sydney",-18,3.19382559357568,-1.91663163996058,8.57055399593982
"Sydney",-17.9,3.15798152048719,-1.9036275169744,8.48076113336986
"Sydney",-17.8,3.12232704147835,-1.89065223668089,8.39144869359238
"Sydney",-17.7,3.08686246111822,-1.87770587089257,8.30261671312771
"Sydney",-17.6,3.0515880843424,-1.86478849079487,8.21426523046578
"Sydney",-17.5,3.01650421646047,-1.85190016692882,8.12639428607818
"Sydney",-17.4,2.98161116316336,-1.83904096917309,8.03900392242971
"Sydney",-17.3,2.94690923053085,-1.82621096672552,7.95209418398946
"Sydney",-17.2,2.91239872503908,-1.81341022808407,7.8656651172412
"Sydney",-17.1,2.87807995356797,-1.80063882102727,7.77971677069358
"Sydney",-17,2.84395322340876,-1.78789681259399,7.69424919488935
"Sydney",-16.9,2.81001884227152,-1.7751842690626,7.60926244241429
"Sydney",-16.8,2.77627711829269,-1.76250125592952,7.52475656790543
"Sydney",-16.7,2.74272836004261,-1.74984783788705,7.44073162805865
"Sydney",-16.6,2.7093728765331,-1.73722407880064,7.35718768163569
"Sydney",-16.5,2.67621097722506,-1.72463004168522,7.27412478947038
"Sydney",-16.4,2.64324297203602,-1.71206578868104,7.19154301447438
"Sydney",-16.3,2.61046917134784,-1.69953138102859,7.10944242164182
"Sydney",-16.2,2.57788988601424,-1.68702687904276,7.02782307805372
"Sydney",-16.1,2.54550542736851,-1.67455234208624,6.94668505288127
"Sydney",-16,2.51331610723118,-1.66210782854197,6.86602841738833
"Sydney",-15.9,2.48132223791766,-1.6496933957848,6.78585324493328
"Sydney",-15.8,2.44952413224595,-1.63730910015222,6.70615961096981
"Sydney",-15.7,2.41792210354443,-1.62495499691411,6.62694759304714
"Sydney",-15.6,2.38651646565946,-1.61263114024153,6.54821727080881
"Sydney",-15.5,2.35530753296325,-1.60033758317454,6.46996872599106
"Sydney",-15.4,2.32429562036156,-1.58807437758894,6.39220204241977
"Sydney",-15.3,2.29348104330149,-1.57584157416187,6.31491730600671
"Sydney",-15.2,2.26286411777934,-1.5636392223364,6.2381146047445
"Sydney",-15.1,2.23244516034835,-1.55146737028481,6.16179402870061
"Sydney",-15,2.20222448812661,-1.53932606487083,6.08595567001002
"Sydney",-14.9,2.17220241880483,-1.52721535161043,6.01059962286699
"Sydney",-14.8,2.14237927065433,-1.51513527463154,5.93572598351522
"Sydney",-14.7,2.11275536253483,-1.50308587663213,5.86133485023703
"Sydney",-14.6,2.08333101390243,-1.49106719883719,5.78742632334117
"Sydney",-14.5,2.05410654481752,-1.47907928095405,5.71400050514899
"Sydney",-14.4,2.02508227595266,-1.4671221611263,5.6410574999795
"Sydney",-14.3,1.9962585286007,-1.45519587588608,5.56859741413274
"Sydney",-14.2,1.96763562468256,-1.44330046010482,5.49662035587168
"Sydney",-14.1,1.93921388675549,-1.43143594694226,5.42512643540252
"Sydney",-14,1.91099363802083,-1.41960236779373,5.35411576485325
"Sydney",-13.9,1.88297520233227,-1.40779975223562,5.28358845825052
"Sydney",-13.8,1.85515890420376,-1.396028127969,5.21354463149484
"Sydney",-13.7,1.82754506881766,-1.38428752076125,5.14398440233359
"Sydney",-13.6,1.8001340220329,-1.37257795438576,5.07490789033243
"Sydney",-13.5,1.77292609039292,-1.36089945055936,5.00631521684449
"Sydney",-13.4,1.74592160113409,-1.34925202887782,4.93820650497765
"Sydney",-13.3,1.71912088219355,-1.33763570674884,4.87058187955931
"Sydney",-13.2,1.69252426221767,-1.3260504993229,4.80344146709935
"Sydney",-13.1,1.66613207057009,-1.31449641942154,4.73678539575038
"Sydney",-13,1.63994463734001,-1.30297347746322,4.67061379526568
"Sydney",-12.9,1.61396229335038,-1.29148168138652,4.60492679695477
"Sydney",-12.8,1.58818537016623,-1.28002103657054,4.53972453363602
"Sydney",-12.7,1.56261420010295,-1.26859154575268,4.47500713958684
"Sydney",-12.6,1.53724911623452,-1.25719320894325,4.41077475049088
"Sydney",-12.5,1.5120904524019,-1.24582602333727,4.34702750338232
"Sydney",-12.4,1.48713854322144,-1.23448998322291,4.28376553658705
"Sydney",-12.3,1.46239372409307,-1.22318507988683,4.22098898966086
"Sydney",-12.2,1.4378563312089,-1.21191130151606,4.15869800332402
"Sydney",-12.1,1.41352670156145,-1.20066863309624,4.09689271939275
"Sydney",-12,1.38940517295227,-1.18945705630646,4.03557328070705
"Sydney",-11.9,1.36549208400025,-1.17827654941006,3.97473983105461
"Sydney",-11.8,1.34178777415013,-1.16712708714162,3.91439251509114
"Sydney",-11.7,1.31829258368108,-1.15600864058982,3.85453147825678
"Sydney",-11.6,1.29500685371515,-1.14492117707615,3.79515686668812
"Sydney",-11.5,1.27193092622586,-1.13386466002907,3.73626882712614
"Sydney",-11.4,1.2490651440467,-1.12283904885375,3.67786750681955
"Sydney",-11.3,1.22640985087985,-1.1118442987971,3.61995305342375
"Sydney",-11.2,1.20396539130465,-1.10088036080774,3.56252561489478
"Sydney",-11.1,1.1817321107864,-1.08994718139113,3.50558533937839
"Sydney",-11,1.1597103556849,-1.0790447024592,3.44913237509408
"Sydney",-10.9,1.13790047326316,-1.06817286117478,3.3931668702136
"Sydney",-10.8,1.11630281169617,-1.05733158979019,3.33768897273421
"Sydney",-10.7,1.09491772007959,-1.04652081548012,3.28269883034582
"Sydney",-10.6,1.07374554843851,-1.03574046016842,3.22819659029279
"Sydney",-10.5,1.05278664773625,-1.02499044034863,3.17418239922895
"Sydney",-10.4,1.03204136988317,-1.01427066689808,3.12065640306691
"Sydney",-10.3,1.01151006774554,-1.00358104488532,3.06761874682033
"Sydney",-10.2,0.991193095154252,-0.992921473370623,3.01506957443962
"Sydney",-10.1,0.971090806913932,-0.98229184519939,2.96300902864082
"Sydney",-10,0.951203554038993,-0.971692046360784,2.91143724055214
"Sydney",-9.9,0.931531427907095,-0.961121933176745,2.86035378459291
"Sydney",-9.8,0.912074131305429,-0.950581322346056,2.80975740627414
"Sydney",-9.7,0.892831336598165,-0.940070023894346,2.7596467872592
"Sydney",-9.6,0.873802717674321,-0.929587843968693,2.71002061340271
"Sydney",-9.5,0.854987949941899,-0.919134584731673,2.66087757460653
"Sydney",-9.4,0.836386710322579,-0.908710044252181,2.61221636467277
"Sydney",-9.3,0.817998677245857,-0.898314016392721,2.56403568115329
"Sydney",-9.2,0.799823530643651,-0.887946290693109,2.51633422519619
"Sydney",-9.1,0.781860951944768,-0.877606652250595,2.46911070138871
"Sydney",-9,0.764110624069358,-0.86729488159607,2.42236381759657
"Sydney",-8.9,0.746572231423359,-0.857010754566356,2.37609228479954
"Sydney",-8.8,0.729245459893191,-0.846754042172426,2.3302948169234
"Sydney",-8.7,0.712129996840205,-0.836524510463377,2.28497013066757
"Sydney",-8.6,0.695225531095289,-0.826321920386086,2.24011694532904
"Sydney",-8.5,0.678531752953448,-0.816146027640252,2.19573398262152
"Sydney",-8.4,0.662048354168498,-0.80599658252889,2.15181996649054
"Sydney",-8.3,0.64577502794767,-0.795873329803864,2.10837362292391
"Sydney",-8.2,0.629711468946281,-0.785776008506511,2.06539367975707
"Sydney",-8.1,0.61385737326245,-0.775704351803075,2.02287886647401
"Sydney",-8,0.598212438431767,-0.765658086814724,1.98082791400265
"Sydney",-7.9,0.582776363422055,-0.755636934442128,1.93923955450503
"Sydney",-7.8,0.567548848628219,-0.745640609184239,1.89811252116225
"Sydney",-7.7,0.552529595866802,-0.735668818951163,1.85744554795315
"Sydney",-7.6,0.53771830837106,-0.725721264870982,1.8172373694278
"Sydney",-7.5,0.523114690785587,-0.715797641090099,1.77748672047429
"Sydney",-7.4,0.50871844916125,-0.705897634567132,1.73819233607939
"Sydney",-7.3,0.494529290949974,-0.69602092486003,1.69935295108283
"Sydney",-7.2,0.480546924999747,-0.686167183906139,1.66096729992442
"Sydney",-7.1,0.466771061549465,-0.676336075795048,1.62303411638451
"Sydney",-7,0.45320141222378,-0.666527256533889,1.58555213331699
"Sydney",-6.9,0.439837690028222,-0.656740373805043,1.54852008237463
"Sydney",-6.8,0.426679609344038,-0.646975066715594,1.51193669372689
"Sydney",-6.7,0.413726885923205,-0.637230965538738,1.47580069576956
"Sydney",-6.6,0.400979236883425,-0.627507691446527,1.44011081482589
"Sydney",-6.5,0.388436380703294,-0.617804856233717,1.40486577483938
"Sydney",-6.4,0.376098037217121,-0.608122062032601,1.37006429705728
"Sydney",-6.3,0.3639639276102,-0.59845890101835,1.33570509970529
"Sydney",-6.2,0.352033774413751,-0.588814955104533,1.3017868976523
"Sydney",-6.1,0.340307301500165,-0.579189795628698,1.26830840206542
"Sydney",-6,0.32878423407805,-0.569582983027417,1.23526832005505
"Sydney",-5.9,0.317464298687353,-0.559994066500713,1.20266535430882
"Sydney",-5.8,0.30634722319467,-0.550422583665289,1.17049820271538
"Sydney",-5.7,0.295432736788248,-0.540868060196409,1.13876555797621
"Sydney",-5.6,0.284720569973373,-0.531330009457964,1.10746610720651
"Sydney",-5.5,0.274210454567414,-0.521807932120277,1.07659853152362
"Sydney",-5.4,0.263902123695225,-0.512301315765507,1.0461615056232
"Sydney",-5.3,0.253795311784355,-0.502809634479939,1.01615369734287
"Sydney",-5.2,0.243889754560311,-0.49333234843314,0.986573767212384
"Sydney",-5.1,0.234185189041902,-0.483868903443174,0.957420367990558
"Sydney",-5,0.224681353536504,-0.474418730527837,0.928692144188092
"Sydney",-4.9,0.215377987635446,-0.464981245441243,0.900387731575791
"Sydney",-4.8,0.206274832209363,-0.455555848195477,0.872505756678632
"Sydney",-4.7,0.197371629403587,-0.44614192256679,0.845044836253939
"Sydney",-4.6,0.188668122633495,-0.436738835586037,0.818003576754189
"Sydney",-4.5,0.18016405657999,-0.427345937012802,0.791380573773925
"Sydney",-4.4,0.17185917718483,-0.417962558792762,0.765174411479697
"Sydney",-4.3,0.163753231646213,-0.40858801449809,0.739383662023463
"Sydney",-4.2,0.155845968414137,-0.399221598750032,0.714006884938279
"Sydney",-4.1,0.148137137185977,-0.389862586623713,0.689042626516478
"Sydney",-4,0.140626488901852,-0.380510233034337,0.664489419169234
"Sydney",-3.9,0.133313775740329,-0.371163772104555,0.640345780767637
"Sydney",-3.8,0.126198751113771,-0.361822416512592,0.616610213964597
"Sydney",-3.7,0.119281169664087,-0.352485356820598,0.593281205497265
"Sydney",-3.6,0.112560787258142,-0.343151760782878,0.570357225469409
"Sydney",-3.5,0.106037360983446,-0.333820772633731,0.547836726613427
"Sydney",-3.4,0.0997106491437139,-0.324491512354297,0.525718143531906
"Sydney",-3.3,0.0935804112545124,-0.315163074918212,0.503999891917917
"Sydney",-3.2,0.0876464080389328,-0.305834529515769,0.482680367753852
"Sydney",-3.1,0.0819084014231919,-0.296504918756124,0.461757946488817
"Sydney",-3,0.0763661545323258,-0.287173257847484,0.441230982193885
"Sydney",-2.9,0.0710194316859036,-0.277838533754782,0.421097806695125
"Sydney",-2.8,0.0658679983937427,-0.268499704334912,0.401356728684354
"Sydney",-2.7,0.0609116213516225,-0.259155697449198,0.382006032807203
"Sydney",-2.6,0.0561500684369776,-0.249805410052939,0.363043978728483
"Sydney",-2.5,0.0515831087047891,-0.240447707262226,0.344468800175113
"Sydney",-2.4,0.0472105123832112,-0.231081421397761,0.326278703955807
"Sydney",-2.3,0.0430320508694848,-0.221705351005952,0.308471868958771
"Sydney",-2.2,0.0390474967256527,-0.212318259857303,0.291046445126253
"Sydney",-2.1,0.0352566236744067,-0.202918875922498,0.274000552407405
"Sydney",-2,0.031659206595025,-0.193505890326273,0.257332279688849
"Sydney",-1.9,0.0282550215190636,-0.184077956279782,0.241039683703925
"Sydney",-1.8,0.0250438456264046,-0.174633687991743,0.225120787920963
"Sydney",-1.7,0.0220254572409706,-0.165171659559105,0.209573581411138
"Sydney",-1.6,0.0191996358267721,-0.155690403838171,0.194396017696863
"Sydney",-1.5,0.0165661619837332,-0.146188411296777,0.179586013581656
"Sydney",-1.4,0.014124817443717,-0.136664128848818,0.16514144796218
"Sydney",-1.3,0.0118753850663733,-0.127115958672397,0.151060160624206
"Sydney",-1.2,0.00981764883516423,-0.117542257012693,0.137339951023518
"Sydney",-1.1,0.00795139385334487,-0.10794133297144,0.123978577053441
"Sydney",-1,0.00627640633996673,-0.098311447284638,0.11097375380078
"Sydney",-0.899999999999999,0.00479247362581425,-0.0886508110904627,0.0983231522921235
"Sydney",-0.800000000000004,0.00349938414956341,-0.0789575846895652,0.0860243982326869
"Sydney",-0.700000000000003,0.00239692745371833,-0.0692298763003363,0.0740750707402205
"Sydney",-0.600000000000001,0.0014848941806811,-0.0594657408114929,0.0624727010764881
"Sydney",-0.5,0.000763076068910351,-0.0496631785353085,0.0512147713793043
"Sydney",-0.399999999999999,0.000231265948813508,-0.0398201339642523,0.0402987133983679
"Sydney",-0.300000000000004,-0.000110742260883701,-0.0299344945348889,0.0297219072384669
"Sydney",-0.200000000000003,-0.000263153557245044,-0.0200040894025033,0.0194816801132092
"Sydney",-0.100000000000001,-0.00022617185695406,-0.0100266882306577,0.0095753051142955
"Sydney",0,0,0,0
"Sydney",0.100000000000001,0.000415160246225454,-0.00924707399256874,0.0100783281590688
"Sydney",0.199999999999996,0.00101910818328665,-0.0181688133057967,0.0202107121047401
"Sydney",0.299999999999997,0.0018116441778071,-0.0267681731858427,0.0303996317881028
"Sydney",0.399999999999999,0.0027925696577169,-0.0350481687667159,0.0406476323173921
"Sydney",0.5,0.00396168710843359,-0.0430118761086784,0.0509573249766637
"Sydney",0.600000000000001,0.00531880006906515,-0.0506624331842898,0.0613313881923094
"Sydney",0.699999999999996,0.00686371312872414,-0.0580030408057985,0.0717725684409976
"Sydney",0.799999999999997,0.00859623192279724,-0.0650369634868642,0.0822836810921102
"Sydney",0.899999999999999,0.0105161631290374,-0.0717675302315701,0.0928676111774385
"Sydney",1,0.0126233144641219,-0.0781981352430017,0.103527314081009
"Sydney",1.1,0.0149174946797004,-0.0843322385442602,0.114265816140802
"Sydney",1.2,0.0173985135588639,-0.0901733665035209,0.125086215155235
"Sydney",1.3,0.0200661819124148,-0.0957251122551628,0.135991680785641
"Sydney",1.4,0.0229203115751808,-0.100991136009132,0.146985454846926
"Sydney",1.5,0.0259607154023955,-0.10597516523968,0.158070851477987
"Sydney",1.6,0.0291872072660793,-0.110680994745593,0.169251257183523
"Sydney",1.7,0.0325996020514197,-0.115112486573066,0.180530130738954
"Sydney",1.8,0.0361977156530413,-0.119273569793599,0.191911002949907
"Sydney",1.9,0.0399813649716307,-0.12316824012788,0.203397476258527
"Sydney",2,0.0439503679101394,-0.126800559408569,0.214993224188187
"Sydney",2.1,0.0481045433703198,-0.130174654873705,0.226701990619138
"Sydney",2.2,0.0524437112491727,-0.133294718283528,0.238527588888005
"Sydney",2.3,0.0569676924354168,-0.136165004854027,0.250473900703696
"Sydney",2.4,0.0616763088058025,-0.138789832000852,0.262544874873893
"Sydney",2.5,0.0665693832218484,-0.141173577887488,0.274744525836157
"Sydney",2.6,0.0716467395260656,-0.14332067977334,0.287076931988706
"Sydney",2.7,0.0769082025386725,-0.145235632156915,0.299546233816739
"Sydney",2.8,0.0823535980540413,-0.146922984711417,0.312156631811056
"Sydney",2.9,0.0879827528371457,-0.148387340009959,0.324912384176446
"Sydney",3,0.0937954946202524,-0.149633351039624,0.337817804329243
"Sydney",3.1,0.0997916520993236,-0.150665718504284,0.350877258183302
"Sydney",3.2,0.105971054930709,-0.151489187917175,0.364095161226441
"Sydney",3.3,0.112333533727704,-0.152108546486263,0.377475975389152
"Sydney",3.4,0.118878920056997,-0.1525286197959,0.391024205710266
"Sydney",3.5,0.125607046435494,-0.1527542682904,0.404744396804335
"Sydney",3.6,0.132517746326788,-0.152790383566426,0.418641129137876
"Sydney",3.7,0.139610854137784,-0.152641884482285,0.432719015122984
"Sydney",3.8,0.146886205215413,-0.15231371309411,0.446982695037468
"Sydney",3.9,0.154343635843235,-0.151810830430144,0.461436832783613
"Sydney",4,0.161982983238085,-0.151138212115798,0.476086111497609
"Sydney",4.1,0.169804085546787,-0.150300843863771,0.490935229024059
"Sydney",4.2,0.177806781842804,-0.149303716844307,0.50598889327107
"Sydney",4.3,0.185990912122946,-0.148151822952702,0.521251817462254
"Sydney",4.4,0.194356317304067,-0.146850149991462,0.536728715303836
"Sydney",4.5,0.202902839219865,-0.145403676786049,0.552424296085374
"Sydney",4.6,0.211630320617395,-0.143817368254151,0.568343259733806
"Sydney",4.7,0.220538605154097,-0.142096170448291,0.584490291841488
"Sydney",4.8,0.229627537394328,-0.140245005593231,0.600870058688607
"Sydney",4.9,0.238896962806212,-0.138268767139293,0.617487202281941
"Sydney",5,0.248346727758397,-0.136172314852967,0.634346335430802
"Sydney",5.1,0.25797667951688,-0.133960469966454,0.651452036882172
"Sydney",5.2,0.267786666241654,-0.131638010407398,0.668808846535907
"Sydney",5.3,0.277776536983798,-0.129209666129404,0.686421260761261
"Sydney",5.4,0.287946141681972,-0.126680114564215,0.70429372783456
"Sydney",5.5,0.298295331159482,-0.124053976214378,0.722430643517935
"Sydney",5.6,0.308823957120974,-0.121335810405387,0.740836346797424
"Sydney",5.7,0.31953187214937,-0.118530111214643,0.759515115798037
"Sydney",5.8,0.330418929702669,-0.115641303593284,0.778471163891692
"Sydney",5.9,0.34148498411084,-0.112673739695679,0.797708636013184
"Sydney",6,0.352729890572778,-0.109631695429846,0.817231605196822
"Sydney",6.1,0.36415350515302,-0.106519367240543,0.837044069345927
"Sydney",6.2,0.375755684778767,-0.103340869134472,0.857149948244751
"Sydney",6.3,0.387536287236823,-0.100100229956324,0.877553080821092
"Sydney",6.4,0.399495171170394,-0.0968013909216858,0.898257222665944
"Sydney",6.5,0.411632196076162,-0.0934482034114503,0.919266043814737
"Sydney",6.6,0.423947222301058,-0.0900444270306888,0.94058312679306
"Sydney",6.7,0.436440111039449,-0.0865937279327489,0.962211964927939
"Sydney",6.8,0.449110724329804,-0.0830996774083603,0.98415596092376
"Sydney",6.9,0.461958925051897,-0.0795657507369318,1.00641842570104
"Sydney",7,0.47498457692372,-0.0759953262967628,1.02900257749372
"Sydney",7.1,0.488187544498397,-0.0723916849285411,1.05191154119999
"Sydney",7.2,0.50156769316132,-0.0687580095455997,1.07514834798019
"Sydney",7.3,0.515124889126994,-0.0650973849832925,1.09871593509343
"Sydney",7.4,0.528858999436288,-0.0614127980782531,1.12261714596473
"Sydney",7.5,0.542769891953165,-0.0577071379680105,1.14685473047207
"Sydney",7.6,0.556857435361979,-0.0539831965999271,1.17143134544331
"Sydney",7.7,0.571121499164362,-0.0502436694383546,1.19634955535108
"Sydney",7.8,0.585561953676406,-0.046491156357853,1.22161183319403
"Sydney",7.9,0.600178670025553,-0.0427281627101705,1.24722056155171
"Sydney",8,0.614971520147911,-0.038957100552317,1.27317803380091
"Sydney",8.1,0.629940376785099,-0.0351802900228737,1.29948645547997
"Sydney",8.2,0.645085113481492,-0.0313999608534954,1.32614794578869
"Sydney",8.3,0.660405604581293,-0.0276182540028924,1.35316453921062
"Sydney",8.4,0.675901725225581,-0.0238372234004247,1.38053818724504
"Sydney",8.5,0.691573351349506,-0.0200588377867406,1.40827076023611
"Sydney",8.6,0.707420359679389,-0.0162849826393585,1.43636404928711
"Sydney",8.7,0.723442627729898,-0.0125174621711577,1.4648197682475
"Sydney",8.8,0.739640033801092,-0.00875800139059635,1.49363955576187
"Sydney",8.9,0.756012456975697,-0.00500824821235701,1.52282497736949
"Sydney",9,0.772559777116211,-0.00126977560828134,1.55237752764408
"Sydney",9.1,0.789281874862069,0.00245591621139685,1.58229863236399
"Sydney",9.2,0.806178631626842,0.0061673975958243,1.61258965070343
"Sydney",9.3,0.823249929595438,0.00986330723908857,1.64325187743619
"Sydney",9.4,0.840495651721285,0.0135423499615595,1.67428654514332
"Sydney",9.5,0.857915681723531,0.0172032944944833,1.70569482641789
"Sydney",9.6,0.875509904084293,0.0208449712749692,1.73747783605929
"Sydney",9.7,0.893278204045833,0.0244662702573839,1.76963663325125
"Sydney",9.8,0.911220467607832,0.0280661387471071,1.80217222371768
"Sydney",9.9,0.929336581524587,0.0316435792616199,1.8350855618509
"Sydney",10,0.947626433302373,0.0351976474237459,1.86837755280835
"Sydney",10.1,0.966089911196488,0.0387274498908852,1.90204905457276
"Sydney",10.2,0.984726904208744,0.0422321423239502,1.93610087997311
"Sydney",10.3,1.00353730208462,0.0457109273992451,1.97053379866263
"Sydney",10.4,1.02252099531048,0.0491630528656639,2.00534853905143
"Sydney",10.5,1.04167787511111,0.052587809649518,2.04054579019171
"Sydney",10.6,1.06100783344669,0.0559845300090789,2.07612620361317
"Sydney",10.7,1.08051076301032,0.059352585739969,2.11209039510785
"Sydney",10.8,1.10018655722535,0.0626913864326895,2.14843894646279
"Sydney",10.9,1.12003511024248,0.0660003777830598,2.18517240713973
"Sydney",11,1.14005631693732,0.0692790399561494,2.22229129590157
"Sydney",11.1,1.16025007290768,0.0725268860040318,2.25979610238503
"Sydney",11.2,1.18061627447072,0.0757434603370077,2.29768728861977
"Sydney",11.3,1.20115481866061,0.0789283372487404,2.33596529049389
"Sydney",11.4,1.22186560322564,0.0820811194944593,2.37463051916629
"Sydney",11.5,1.24274852662569,0.0852014369217446,2.41368336242642
"Sydney",11.6,1.26380348802964,0.088288945153403,2.45312418600232
"Sydney",11.7,1.28503038731262,0.0913433243215467,2.49295333481707
"Sydney",11.8,1.30642912505354,0.0943642778517884,2.53317113419567
"Sydney",11.9,1.32799960253243,0.0973515312967077,2.57377789102233
"Sydney",12,1.34974172172777,0.100304831217368,2.61477389484992
"Sydney",12.1,1.37165538531405,0.103223944111885,2.65615941896267
"Sydney",12.2,1.39374049665903,0.106108655389425,2.69793472139275
"Sydney",12.3,1.41599695982131,0.108958768388923,2.74010004589331
"Sydney",12.4,1.43842467954765,0.111774103440609,2.7826556228677
"Sydney",12.5,1.46102356127047,0.114554496969599,2.82560167025747
"Sydney",12.6,1.48379351110524,0.117299800639548,2.86893839438982
"Sydney",12.7,1.50673443584799,0.120009880535776,2.91266599078597
"Sydney",12.8,1.52984624297277,0.12268461638576,2.95678464493216
"Sydney",12.9,1.55312884062906,0.125323900816143,3.00129453301414
"Sydney",13,1.57658213763927,0.127927638644798,3.0461958226166
"Sydney",13.1,1.60020604349627,0.130495746206405,3.09148867338931
"Sydney",13.2,1.62400046836075,0.133028150710635,3.13717323768057
"Sydney",13.3,1.64796532305893,0.135524789631258,3.18324966113994
"Sydney",13.4,1.67210051907978,0.137985610125213,3.22971808329084
"Sydney",13.5,1.69640596857275,0.140410568480154,3.276578638075
"Sydney",13.6,1.72088158434518,0.142799629589541,3.32383145436921
"Sydney",13.7,1.74552727985988,0.145152766453882,3.37147665647599
"Sydney",13.8,1.77034296923255,0.147469959707158,3.41951436458943
"Sydney",13.9,1.79532856722946,0.149751197167114,3.46794469523668
"Sydney",14,1.82048398926484,0.151996473408644,3.51676776169698
"Sydney",14.1,1.84580915139856,0.154205789358919,3.56598367439855
"Sydney",14.2,1.87130397033355,0.156379151913555,3.61559254129469
"Sydney",14.3,1.89696836341349,0.158516573572576,3.66559446822023
"Sydney",14.4,1.92280224862025,0.160618072095509,3.71598955922867
"Sydney",14.5,1.94880554457155,0.162683670174535,3.76677791691156
"Sydney",14.6,1.97497817051853,0.164713395124827,3.81795964270046
"Sydney",14.7,2.00132004634321,0.166707278591516,3.86953483715271
"Sydney",14.8,2.02783109255631,0.168665356272002,3.92150360022145
"Sydney",14.9,2.05451123029459,0.170587667653432,3.97386603151098
"Sydney",15,2.08136038131863,0.172474255764121,4.02662223051784
"Sydney",15.1,2.10837846801035,0.17432516693856,4.07977229685865
"Sydney",15.2,2.1355654133707,0.176140450595064,4.13331633048515
"Sydney",15.3,2.16292114101713,0.177920159025735,4.18725443188708
"Sydney",15.4,2.19044557518138,0.179664347197828,4.24158670228374
"Sydney",15.5,2.21813864070701,0.18137307256616,4.29631324380446
"Sydney",15.6,2.24600026304709,0.183046394895836,4.35143415965891
"Sydney",15.7,2.27403036826179,0.18468437609489,4.40694955429728
"Sydney",15.8,2.30222888301606,0.186287080056391,4.46285953356156
"Sydney",15.9,2.33059573457723,0.187854572509183,4.51916420482765
"Sydney",16,2.35913085081281,0.18938692087731,4.57586367713922
"Sydney",16.1,2.38783416018797,0.190884194147278,4.6329580613337
"Sydney",16.2,2.41670559176328,0.192346462742976,4.69044747016052
"Sydney",16.3,2.44574507519246,0.193773798407637,4.74833201839255
"Sydney",16.4,2.47495254071997,0.195166274092773,4.80661182293043
"Sydney",16.5,2.50432791917872,0.196523963853412,4.86528700290083
"Sydney",16.6,2.53387114198773,0.19784694274958,4.92435767974841
"Sydney",16.7,2.56358214114989,0.199135286753371,4.98382397732211
"Sydney",16.8,2.59346084924963,0.200389072661666,5.04368602195613
"Sydney",16.9,2.62350719945061,0.201608378013951,5.10394394254567
"Sydney",17,2.65372112549347,0.202793281014979,5.16459787061783
"Sydney",17.1,2.68410256169349,0.203943860462252,5.22564794039779
"Sydney",17.2,2.71465144293832,0.205060195677698,5.287094288871
"Sydney",17.3,2.74536770468581,0.206142366443629,5.34893705584081
"Sydney",17.4,2.77625128296157,0.207190452942552,5.41117638398259
"Sydney",17.5,2.80730211435689,0.20820453570074,5.47381241889389
"Sydney",17.6,2.8385201360263,0.209184695535303,5.5368453091414
"Sydney",17.7,2.86990528568547,0.210131013504578,5.60027520630435
"Sydney",17.8,2.90145750160886,0.211043570861702,5.6641022650151
"Sydney",17.9,2.93317672262754,0.211922449010982,5.72832664299652
"Sydney",18,2.96506288812688,0.212767729467411,5.79294850109682
"Sydney",18.1,2.99711593804444,0.213579493818417,5.85796800332172
"Sydney",18.2,3.02933581286757,0.214357823688438,5.923385316864
"Sydney",18.3,3.06172245363134,0.215102800705691,5.98920061213111
"Sydney",18.4,3.09427580191624,0.215814506471301,6.05541406277008
"Sydney",18.5,3.12699579984597,0.216493022530306,6.12202584569077
"Sydney",18.6,3.15988239008527,0.217138430344987,6.18903614108699
"Sydney",18.7,3.19293551583761,0.217750811269823,6.25644513245582
"Sydney",18.8,3.22615512084317,0.218330246528198,6.32425300661514
"Sydney",18.9,3.25954114937645,0.21887681719106,6.39245995371971
"Sydney",19,3.29309354624421,0.219390604156811,6.46106616727542
"Sydney",19.1,3.32681225678322,0.219871688132933,6.53007184415231
"Sydney",19.2,3.36069722685808,0.220320149618858,6.59947718459628
"Sydney",19.3,3.39474840285907,0.220736068890304,6.66928239223916
"Sydney",19.4,3.42896573169995,0.221119525984714,6.73948767410815
"Sydney",19.5,3.46334916081579,0.221470600687979,6.8100932406334
"Sydney",19.6,3.49789863816083,0.221789372522241,6.88109930565528
"Sydney",19.7,3.53261411220627,0.222075920734599,6.95250608642994
"Sydney",19.8,3.56749553193814,0.222330324287112,7.0243138036346
"Sydney",19.9,3.60254284685517,0.222552661847319,7.09652268137133
"Sydney",20,3.63775600696659,0.22274301177998,7.16913294717039
"Sydney",20.1,3.67313496279005,0.222901452139435,7.24214483199279
"Sydney",20.2,3.70867966534936,0.223028060662789,7.31555857023185
"Sydney",20.3,3.74439006617251,0.223122914763785,7.38937439971428
"Sydney",20.4,3.78026611728941,0.22318609152745,7.46359256170062
"Sydney",20.5,3.81630777122981,0.223217667705256,7.53821330088498
"Sydney",20.6,3.85251498102124,0.223217719710878,7.61323686539439
"Sydney",20.7,3.88888770018667,0.223186323616731,7.68866350678721
"Sydney",20.8,3.92542588274272,0.223123555150662,7.76449348005168
"Sydney",20.9,3.96212948319721,0.223029489693527,7.84072704360348
"Sydney",21,3.9989984565473,0.222904202276886,7.9173644592831
"Sydney",21.1,4.03603275827729,0.222747767581399,7.9944059923527
"Sydney",21.2,4.07323234435646,0.222560259935456,8.07185191149273
"Sydney",21.3,4.11059717123705,0.222341753314259,8.14970248879816
"Sydney",21.4,4.14812719585218,0.222092321339251,8.22795799977427
"Sydney",21.5,4.18582237561367,0.221812037277802,8.30661872333227
"Sydney",21.6,4.22368266841004,0.221500974043409,8.38568494178467
"Sydney",21.7,4.26170803260437,0.221159204195875,8.4651569408402
"Sydney",21.8,4.29989842703222,0.220786799941997,8.54503500959876
"Sydney",21.9,4.33825381099959,0.22038383313645,8.62531944054592
"Sydney",22,4.37677414428084,0.219950375282862,8.70601052954738
"Sydney",22.1,4.41545938711656,0.219486497535026,8.78710857584315
"Sydney",22.2,4.4543095002116,0.218992270698593,8.86861388204159
"Sydney",22.3,4.49332444473289,0.218467765232599,8.95052675411325
"Sydney",22.4,4.53250418230748,0.217913051251406,9.03284750138475
"Sydney",22.5,4.57184867502045,0.217328198526645,9.11557643653229
"Sydney",22.6,4.61135788541287,0.216713276489511,9.19871387557516
"Sydney",22.7,4.65103177647963,0.21606835423289,9.2822601378691
"Sydney",22.8,4.69087031166762,0.215393500513916,9.36621554609973
"Sydney",22.9,4.73087345487346,0.214688783756478,9.45058042627562
"Sydney",23,4.77104117044165,0.213954272053729,9.53535510772161
"Sydney",23.1,4.81137342316234,0.213190033170996,9.62053992307157
"Sydney",23.2,4.85187017826947,0.212396134548487,9.70613520826187
"Sydney",23.3,4.89253140143864,0.211572643304159,9.7921413025239
"Sydney",23.4,4.93335705878506,0.210719626236755,9.87855854837731
"Sydney",23.5,4.97434711686167,0.20983714982874,9.96538729162277
"Sydney",23.6,5.01550154265693,0.208925280249472,10.0526278813348
"Sydney",23.7,5.05682030359289,0.207984083358181,10.1402806698548
"Sydney",23.8,5.09830336752322,0.207013624707297,10.2283460127835
"Sydney",23.9,5.13995070273112,0.20601396954556,10.3168242689742
"Sydney",24,5.18176227792733,0.204985182821238,10.4057158005254
"Sydney",24.1,5.22373806224812,0.20392732918546,10.4950209727733
"Sydney",24.2,5.26587802525331,0.202840472995458,10.5847401542853
"Sydney",24.3,5.30818213692423,0.201724678317849,10.6748737168521
"Sydney",24.4,5.35065036766178,0.200580008932016,10.7654220354808
"Sydney",24.5,5.39328268828436,0.199406528333346,10.856385488388
"Sydney",24.6,5.4360790700259,0.198204299736693,10.947764456992
"Sydney",24.7,5.47903948453388,0.19697338607958,11.0395593259065
"Sydney",24.8,5.52216390386737,0.195713850025614,11.1317704829327
"Sydney",24.9,5.56545230049501,0.194425753967797,11.2243983190529
"Sydney",25,5.60890464729298,0.193109160031923,11.3174432284228
"Sydney",25.1,5.65252091754309,0.191764130079752,11.4109056083649
"Sydney",25.2,5.6963010849308,0.190390725712519,11.5047858593616
"Sydney",25.3,5.74024512354321,0.188989008274043,11.5990843850478
"Sydney",25.4,5.78435300786708,0.18755903885419,11.6938015922043
"Sydney",25.5,5.82862471278691,0.186100878292006,11.788937890751
"Sydney",25.6,5.87306021358294,0.184614587179044,11.8844936937395
"Sydney",25.7,5.91765948592913,0.183100225862631,11.9804694173471
"Sydney",25.8,5.9624225058913,0.181557854448977,12.0768654808695
"Sydney",25.9,6.0073492499251,0.179987532806458,12.173682306714
"Sydney",26,6.0524396948741,0.178389320568773,12.2709203203932
"Sydney",26.1,6.09769381796772,0.176763277138048,12.3685799505183
"Sydney",26.2,6.14311159681946,0.175109461687994,12.466661628792
"Sydney",26.3,6.18869300942475,0.173427933167014,12.5651657900029
"Sydney",26.4,6.23443803415915,0.17171875030122,12.664092872018
"Sydney",26.5,6.28034664977637,0.169981971597544,12.7634433157769
"Sydney",26.6,6.32641883540621,0.168217655346647,12.8632175652851
"Sydney",26.7,6.37265457055278,0.166425859626029,12.963416067608
"Sydney",26.8,6.41905383509245,0.164606642302845,13.064039272864
"Sydney",26.9,6.46561660927198,0.162760061036948,13.1650876342189
"Sydney",27,6.51234287370654,0.160886173283714,13.2665616078793
"Sydney",27.1,6.55923260937774,0.158985036296899,13.3684616530863
"Sydney",27.2,6.60628579763176,0.157056707131531,13.4707882321099
"Sydney",27.3,6.65350242017744,0.155101242646594,13.5735418102425
"Sydney",27.4,6.70088245908425,0.153118699507893,13.6767228557931
"Sydney",27.5,6.74842589678042,0.151109134190786,13.7803318400813
"Sydney",27.6,6.79613271605108,0.14907260298278,13.8843692374312
"Sydney",27.7,6.84400290003622,0.147009161986333,13.9888355251659
"Sydney",27.8,6.8920364322288,0.14491886712138,14.0937311836015
"Sydney",27.9,6.94023329647289,0.142801774128043,14.199056696041
"Sydney",28,6.9885934769617,0.1406579385691,14.3048125487694
"Sydney",28.1,7.03711695823568,0.138487415832533,14.410999231047
"Sydney",28.2,7.08580372518055,0.136290261134131,14.5176172351047
"Sydney",28.3,7.13465376302551,0.134066529519861,14.6246670561377
"Sydney",28.4,7.18366705734121,0.131816275868357,14.7321491923007
"Sydney",28.5,7.23284359403791,0.129539554893321,14.8400641447017
"Sydney",28.6,7.28218335936348,0.127236421145849,14.948412417397
"Sydney",28.7,7.33168633990164,0.124906929016877,15.0571945173856
"Sydney",28.8,7.38135252256995,0.122551132739424,15.1664109546042
"Sydney",28.9,7.43118189461791,0.120169086390831,15.2760622419214
"Sydney",29,7.48117444362515,0.117760843895143,15.3861488951328
"Sydney",29.1,7.53133015749934,0.115326459025211,15.4966714329556
"Sydney",29.2,7.58164902447449,0.112865985404897,15.6076303770239
"Sydney",29.3,7.632131033109,0.110379476511291,15.7190262518827
"Sydney",29.4,7.6827761722837,0.107866985676752,15.8308595849837
"Sydney",29.5,7.73358443119998,0.105328566091112,15.9431309066798
"Sydney",29.6,7.78455579937791,0.102764270803579,16.0558407502202
"Sydney",29.7,7.8356902666544,0.100174152724986,16.1689896517454
"Sydney",29.8,7.88698782318125,0.0975582646295603,16.2825781502826
"Sydney",29.9,7.93844845942318,0.0949166591571071,16.3966067877404
"Sydney",30,7.99007216615617,0.092249388814869,16.5110761089041
"Sydney",30.1,8.04185893446534,0.0895565059794157,16.6259866614311
"Sydney",30.2,8.09380875574319,0.0868380628985532,16.741338995846
"Sydney",30.3,8.14592162168772,0.0840941116932781,16.857133665536
"Sydney",30.4,8.19819752430044,0.0813247043594645,16.9733712267459
"Sydney",30.5,8.25063645588468,0.0785298927697742,17.0900522385741
"Sydney",30.6,8.30323840904348,0.0757097286753883,17.2071772629672
"Sydney",30.7,8.35600337667788,0.0728642637078503,17.3247468647162
"Sydney",30.8,8.40893135198499,0.0699935493806425,17.4427616114515
"Sydney",30.9,8.46202232845612,0.0670976370910292,17.5612220736384
"Sydney",31,8.51527629987485,0.064176578121633,17.6801288245731
"Sydney",31.1,8.56869326031524,0.061230423642189,17.7994824403777
"Sydney",31.2,8.62227320413993,0.0582592247110325,17.9192834999963
"Sydney",31.3,8.67601612599824,0.0552630322768755,18.0395325851903
"Sydney",31.4,8.72992202082425,0.0522418971801608,18.1602302805342
"Sydney",31.5,8.78399088383512,0.0491958701548612,18.2813771734116
"Sydney",31.6,8.83822271052899,0.0461250018298109,18.4029738540104
"Sydney",31.7,8.89261749668326,0.0430293427303052,18.5250209153188
"Sydney",31.8,8.94717523835267,0.0399089432795874,18.6475189531216
"Sydney",31.9,9.0018959318674,0.0367638538002035,18.7704685659951
"Sydney",32,9.05677957383133,0.0335941245156235,18.8938703553038
"Sydney",32.1,9.11182616112003,0.0303998055514398,19.0177249251958
"Sydney",32.2,9.16703569087895,0.0271809469369666,19.142032882599
"Sydney",32.3,9.2224081605216,0.0239375986064161,19.2667948372169
"Sydney",32.4,9.2779435677276,0.020669810400431,19.3920114015246
"Sydney",32.5,9.33364191044093,0.0173776320672614,19.517683190765
"Sydney",32.6,9.38950318686789,0.0140611132641189,19.6438108229445
"Sydney",32.7,9.4455273954755,0.0107203035585313,19.7703949188292
"Sydney",32.8,9.5017145349894,0.00735525242954171,19.8974361019413
"Sydney",32.9,9.55806460439213,0.00396600926890756,20.0249349985546
"Sydney",33,9.61457760292119,0.00055262338247708,20.1528922376911
"Sydney",33.1,9.67125353006722,-0.00288485600877797,20.2813084511171
"Sydney",33.2,9.72809238557215,-0.00634637976745234,20.4101842733392
"Sydney",33.3,9.78509416942739,-0.00983189883856372,20.5395203416009
"Sydney",33.4,9.84225888187182,-0.0133413642484426,20.669317295878
"Sydney",33.5,9.89958652339011,-0.0168747271035441,20.799575778876
"Sydney",33.6,9.95707709471077,-0.0204319385893936,20.9302964360254
"Sydney",33.7,10.0147305968042,-0.0240129499694319,21.0614799154785
"Sydney",33.8,10.0725470308812,-0.0276177125839716,21.1931268681055
"Sydney",33.9,10.1305263983906,-0.031246177849098,21.325237947491
"Sydney",34,10.1886687010179,-0.0348982972556811,21.4578138099304
"Sydney",34.1,10.2469739406829,-0.0385740223683095,21.5908551144258
"Sydney",34.2,10.3054421195384,-0.0422733048242474,21.724362522683
"Sydney",34.3,10.3640732399681,-0.0459960963325123,21.8583366991077
"Sydney",34.4,10.4228673045844,-0.0497423486728321,21.9927783108016
"Sydney",34.5,10.4818243162273,-0.0535120136947009,22.1276880275594
"Sydney",34.6,10.5409442779618,-0.0573050433164579,22.2630665218649
"Sydney",34.7,10.6002271930766,-0.0611213895242768,22.3989144688876
"Sydney",34.8,10.6596730650819,-0.0649610043713333,22.5352325464791
"Sydney",34.9,10.7192818977077,-0.0688238399768615,22.6720214351696
"Sydney",35,10.779053694902,-0.0727098485252209,22.8092818181647
"Sydney",35.1,10.8389884608288,-0.0766189822651198,22.9470143813417
"Sydney",35.2,10.8990861998663,-0.0805511935086378,23.0852198132461
"Sydney",35.3,10.9593469166052,-0.0845064346304936,23.2238988050883
"Sydney",35.4,11.0197706158466,-0.0884846580671006,23.3630520507403
"Sydney",35.5,11.0803573026004,-0.0924858163158238,23.5026802467319
"Sydney",35.6,11.1411069820833,-0.0965098619341243,23.6427840922477
"Sydney",35.7,11.2020196597168,-0.100556747538805,23.7833642891236
"Sydney",35.8,11.2630953411258,-0.104626425805199,23.9244215418434
"Sydney",35.9,11.3243340321363,-0.108718849466405,24.0659565575354
"Sydney",36,11.3857357387739,-0.112833971312509,24.2079700459692
"Sydney",36.1,11.4473004672616,-0.116971744189898,24.3504627195521
"Sydney",36.2,11.5090282240182,-0.121132121000467,24.4934352933261
"Sydney",36.3,11.5709190156566,-0.125315054700925,24.6368884849645
"Sydney",36.4,11.6329728489814,-0.129520498302083,24.7808230147684
"Sydney",36.5,11.6951897309876,-0.133748404868128,24.9252396056635
"Sydney",36.6,11.7575696688585,-0.137998727515998,25.0701389831969
"Sydney",36.7,11.8201126699639,-0.14227141941463,25.2155218755339
"Sydney",36.8,11.8828187418581,-0.146566433784345,25.3613890134544
"Sydney",36.9,11.9456878922785,-0.150883723896178,25.5077411303499
"Sydney",37,12.0087201291433,-0.155223243071245,25.6545789622201
"Sydney",37.1,12.0719154605496,-0.159584944680069,25.80190324767
"Sydney",37.2,12.135273894772,-0.16396878214201,25.9497147279059
"Sydney",37.3,12.1987954402604,-0.168374708924623,26.0980141467332
"Sydney",37.4,12.2624801056382,-0.172802678543049,26.2468022505521
"Sydney",37.5,12.3263278997007,-0.177252644559422,26.3960797883552
"Sydney",37.6,12.3903388314129,-0.18172456058233,26.5458475117238
"Sydney",37.7,12.4545129099076,-0.186218380266145,26.6961061748248
"Sydney",37.8,12.5188501444841,-0.190734057310549,26.8468565344077
"Sydney",37.9,12.5833505446058,-0.195271545459952,26.998099349801
"Sydney",38,12.6480141198986,-0.199830798502909,27.1498353829095
"Sydney",38.1,12.7128408801489,-0.204411770271606,27.3020653982104
"Sydney",38.2,12.7778308353019,-0.209014414641351,27.4547901627507
"Sydney",38.3,12.8429839954597,-0.213638685530015,27.6080104461439
"Sydney",38.4,12.9083003708795,-0.218284536897551,27.7617270205665
"Sydney",38.5,12.9737799719714,-0.222951922745451,27.9159406607551
"Sydney",38.6,13.0394228092971,-0.227640797116291,28.070652144003
"Sydney",38.7,13.1052288935677,-0.23235111409321,28.2258622501573
"Sydney",38.8,13.1711982356418,-0.237082827799451,28.3815717616152
"Sydney",38.9,13.237330846524,-0.24183589239789,28.5377814633216
"Sydney",39,13.3036267373624,-0.246610262090541,28.6944921427649
"Sydney",39.1,13.3700859194476,-0.251405891118128,28.8517045899746
"Sydney",39.2,13.43670840421,-0.256222733759615,29.0094195975179
"Sydney",39.3,13.5034942032187,-0.261060744331776,29.1676379604964
"Sydney",39.4,13.5704433281788,-0.265919877188781,29.3263604765428
"Sydney",39.5,13.6375557909306,-0.27080008672169,29.4855879458179
"Sydney",39.6,13.7048316034465,-0.275701327358124,29.6453211710075
"Sydney",39.7,13.7722707778304,-0.280623553561821,29.8055609573188
"Sydney",39.8,13.8398733263148,-0.285566719832164,29.9663081124777
"Sydney",39.9,13.9076392612595,-0.290530780703879,30.127563446725
"Sydney",40,13.9755685951498,-0.295515690746562,30.2893277728139
"Sydney",40.1,14.0436613405942,-0.300521404564347,30.451601906006
"Sydney",40.2,14.1119175103228,-0.305547876795476,30.6143866640686
"Sydney",40.3,14.1803371171856,-0.310595062111962,30.7776828672716
"Sydney",40.4,14.2489201741502,-0.315662915219195,30.9414913383837
"Sydney",40.5,14.3176666943005,-0.320751390855578,31.1058129026696
"Sydney",40.6,14.3865766908342,-0.325860443792203,31.2706483878865
"Sydney",40.7,14.4556501770614,-0.330990028832434,31.4359986242813
"Sydney",40.8,14.5248871664027,-0.336140100811644,31.6018644445868
"Sydney",40.9,14.5942876723871,-0.34131061459679,31.7682466840187
"Sydney",41,14.6638517086502,-0.34650152508614,31.9351461802724
"Sydney",41.1,14.7335792889324,-0.351712787208924,32.1025637735197
"Sydney",41.2,14.8034704270771,-0.356944355924993,32.2705003064051
"Sydney",41.3,14.8735251370287,-0.362196186224539,32.4389566240435
"Sydney",41.4,14.9437434328307,-0.367468233127732,32.6079335740158
"Sydney",41.5,15.014125328624,-0.372760451684451,32.7774320063662
"Sydney",41.6,15.0846708386447,-0.378072796973972,32.9474527735988
"Sydney",41.7,15.1553799772227,-0.383405224104649,33.1179967306743
"Sydney",41.8,15.2262527587795,-0.388757688213659,33.2890647350067
"Sydney",41.9,15.2972891978261,-0.394130144466665,33.4606576464597
"Sydney",42,15.3684893089619,-0.399522548057596,33.6327763273436
"Sydney",42.1,15.4398531068719,-0.404934854208283,33.8054216424121
"Sydney",42.2,15.5113806063254,-0.410367018168278,33.9785944588583
"Sydney",42.3,15.5830718221741,-0.415818995214512,34.1522956463122
"Sydney",42.4,15.6549267693497,-0.42129074065107,34.3265260768365
"Sydney",42.5,15.726945462863,-0.426782209808918,34.5012866249238
"Sydney",42.6,15.7991279178007,-0.43229335804561,34.6765781674929
"Sydney",42.7,15.8714741493248,-0.437824140745136,34.8524015838853
"Sydney",42.8,15.9439841726698,-0.44337451331754,35.028757755862
"Sydney",42.9,16.0166580031414,-0.448944431198806,35.2056475675999
"Sydney",43,16.0894956561142,-0.454533849850514,35.3830719056885
"Sydney",43.1,16.16249714703,-0.460142724759671,35.5610316591261
"Sydney",43.2,16.2356624913958,-0.465771011438454,35.7395277193168
"Sydney",43.3,16.3089917047822,-0.47141866542395,35.9185609800666
"Sydney",43.4,16.3824848028211,-0.47708564227803,36.0981323375799
"Sydney",43.5,16.456141801204,-0.482771897587009,36.2782426904564
"Sydney",43.6,16.5299627156804,-0.488477386961506,36.458892939687
"Sydney",43.7,16.6039475620551,-0.494202066036198,36.6400839886506
"Sydney",43.8,16.6780963561873,-0.499945890469655,36.8218167431104
"Sydney",43.9,16.7524091139879,-0.505708815944073,37.0040921112105
"Sydney",44,16.8268858514179,-0.511490798165093,37.1869110034721
"Sydney",44.1,16.9015265844868,-0.51729179286164,37.3702743327897
"Sydney",44.2,16.97633132925,-0.523111755785677,37.5541830144282
"Sydney",44.3,17.0513001018076,-0.528950642712045,37.7386379660183
"Sydney",44.4,17.126432918302,-0.534808409438237,37.9236401075535
"Sydney",44.5,17.2017297949163,-0.54068501178427,38.1091903613863
"Sydney",44.6,17.2771907478722,-0.546580405592445,38.2952896522244
"Sydney",44.7,17.3528157934282,-0.552494546727222,38.4819389071268
"Sydney",44.8,17.4286049478776,-0.558427391074978,38.6691390555007
"Sydney",44.9,17.5045582275466,-0.564378894543893,38.856891029097
"Sydney",45,17.5806756487926,-0.570349013063776,39.045195762007
"Sydney",45.1,17.656957228002,-0.576337702585838,39.2340541906584
"Sydney",45.2,17.7334029815882,-0.582344919082578,39.4234672538118
"Sydney",45.3,17.8100129259902,-0.588370618547662,39.6134358925565
"Sydney",45.4,17.8867870776701,-0.594414756995643,39.8039610503068
"Sydney",45.5,17.9637254531116,-0.60047729046192,39.9950436727982
"Sydney",45.6,18.0408280688176,-0.606558175002547,40.1866847080835
"Sydney",45.7,18.1180949413089,-0.612657366694047,40.3788851065289
"Sydney",45.8,18.1955260871219,-0.618774821633328,40.57164582081
"Sydney",45.9,18.2731215228066,-0.62491049593747,40.764967805908
"Sydney",46,18.3508812649248,-0.63106434574367,40.9588520191055
"Sydney",46.1,18.4288053300483,-0.63723632720899,41.1532994199829
"Sydney",46.2,18.5068937347566,-0.643426396510316,41.348310970414
"Sydney",46.3,18.5851464956354,-0.649634509844166,41.5438876345622
"Sydney",46.4,18.6635636292744,-0.655860623426596,41.7400303788764
"Sydney",46.5,18.7421451522653,-0.662104693493037,41.9367401720869
"Sydney",46.6,18.8208910812003,-0.668366676298193,42.1340179852013
"Sydney",46.7,18.8998014326694,-0.674646528115885,42.3318647915006
"Sydney",46.8,18.9788762232593,-0.680944205238965,42.5302815665346
"Sydney",46.9,19.0581154695508,-0.687259663979156,42.7292692881182
"Sydney",47,19.1375191881171,-0.69359286066697,42.9288289363271
"Sydney",47.1,19.2170873955222,-0.699943751651566,43.1289614934933
"Sydney",47.2,19.2968201083182,-0.706312293300648,43.3296679442013
"Sydney",47.3,19.376717343044,-0.712698442000348,43.5309492752834
"Sydney",47.4,19.456779116223,-0.719102154155105,43.732806475816
"Sydney",47.5,19.5370054443613,-0.725523386187588,43.9352405371147
"Sydney",47.6,19.6173963439457,-0.731962094538541,44.1382524527303
"Sydney",47.7,19.6979518314419,-0.738418235666727,44.3418432184442
"Sydney",47.8,19.778671923292,-0.744891766048805,44.5460138322645
"Sydney",47.9,19.8595566359133,-0.75138264217921,44.7507652944209
"Sydney",48,19.9406059856958,-0.757890820570117,44.9560986073611
"Sydney",48.1,20.0218199890004,-0.764416257751233,45.1620147757453
"Sydney",48.2,20.103198662157,-0.770958910269848,45.3685148064428
"Sydney",48.3,20.1847420214624,-0.777518734690608,45.5755997085267
"Sydney",48.4,20.2664500831784,-0.78409568759551,45.7832704932697
"Sydney",48.5,20.3483228635297,-0.790689725583749,45.9915281741395
"Sydney",48.6,20.4303603787024,-0.797300805271706,46.2003737667941
"Sydney",48.7,20.5125626448412,-0.803928883292793,46.4098082890773
"Sydney",48.8,20.5949296780484,-0.810573916297408,46.619832761014
"Sydney",48.9,20.677461494381,-0.817235860952825,46.8304482048054
"Sydney",49,20.7601581098493,-0.823914673943138,47.0416556448246
"Sydney",49.1,20.8430195404148,-0.830610311969171,47.2534561076114
"Sydney",49.2,20.926045801988,-0.837322731748402,47.4658506218681
"Sydney",49.3,21.0092369104269,-0.844051890014885,47.6788402184541
"Sydney",49.4,21.0925928815342,-0.850797743519149,47.8924259303814
"Sydney",49.5,21.1761137310564,-0.8575602490282,48.10660879281
"Sydney",49.6,21.2597994746807,-0.864339363325339,48.3213898430424
"Sydney",49.7,21.3436501280337,-0.871135043210214,48.5367701205191
"Sydney",49.8,21.4276657066794,-0.877947245498645,48.7527506668135
"Sydney",49.9,21.5118462261166,-0.884775927022619,48.9693325256272
"Sydney",50,21.5961917017778,-0.891621044630209,49.1865167427844
"Sydney",50.1,21.6807021490264,-0.898482555185476,49.4043043662274
"Sydney",50.2,21.765377583155,-0.905360415568479,49.6226964460114
"Sydney",50.3,21.8502180193836,-0.912254582675154,49.8416940342992
"Sydney",50.4,21.9352234728573,-0.919165013417245,50.061298185356
"Sydney",50.5,22.0203939586444,-0.926091664722306,50.281509955545
"Sydney",50.6,22.1057294917343,-0.933034493533569,50.5023304033208
"Sydney",50.7,22.1912300870357,-0.939993456809951,50.7237605892256
"Sydney",50.8,22.2768957593743,-0.946968511525959,50.9458015758831
"Sydney",50.9,22.3627265234911,-0.95395961467164,51.168454427993
"Sydney",51,22.4487223940399,-0.960966723252565,51.3917202123267
"Sydney",51.1,22.534883385586,-0.967989794289714,51.6155999977207
"Sydney",51.2,22.6212095126034,-0.975028784819465,51.840094855072
"Sydney",51.3,22.7077007894733,-0.98208365189355,52.0652058573323
"Sydney",51.4,22.7943572304819,-0.98915435257898,52.2909340795026
"Sydney",51.5,22.8811788498183,-0.99624084395803,52.517280598628
"Sydney",51.6,22.9681656615726,-1.00334308312815,52.7442464937912
"Sydney",51.7,23.0553176797337,-1.01046102720197,52.9718328461082
"Sydney",51.8,23.1426349181874,-1.01759463330721,53.2000407387216
"Sydney",51.9,23.2301173907145,-1.02474385858665,53.4288712567957
"Sydney",52,23.3177651109884,-1.03190866019813,53.6583254875102
"Sydney",52.1,23.4055780925732,-1.03908899531444,53.8884045200548
"Sydney",52.2,23.4935563489218,-1.04628482112332,54.1191094456234
"Sydney",52.3,23.5816998933738,-1.05349609482743,54.3504413574083
"Sydney",52.4,23.6700087391531,-1.06072277364427,54.582401350594
"Sydney",52.5,23.7584828993665,-1.0679648148062,54.8149905223522
"Sydney",52.6,23.847122387001,-1.07522217556034,55.0482099718346
"Sydney",52.7,23.9359272149222,-1.0824948131686,55.282060800168
"Sydney",52.8,24.024897395872,-1.08978268490757,55.516544110448
"Sydney",52.9,24.1140329424666,-1.09708574806858,55.7516610077327
"Sydney",53,24.2033338671944,-1.10440395995758,55.9874125990367
"Sydney",53.1,24.2928001824141,-1.11173727789518,56.2237999933253
"Sydney",53.2,24.3824319003524,-1.11908565921652,56.460824301508
"Sydney",53.3,24.472229033102,-1.12644906127138,56.6984866364325
"Sydney",53.4,24.5621915926196,-1.13382744142405,56.9367881128781
"Sydney",53.5,24.6523195907239,-1.1412207570533,57.17572984755
"Sydney",53.6,24.7426130390933,-1.14862896555238,57.4153129590725
"Sydney",53.7,24.8330719492639,-1.15605202432905,57.6555385679829
"Sydney",53.8,24.9236963326274,-1.16348989080544,57.8964077967248
"Sydney",53.9,25.0144862004292,-1.17094252241808,58.1379217696419
"Sydney",54,25.1054415637661,-1.17840987661794,58.3800816129717
"Sydney",54.1,25.1965624335842,-1.18589191087026,58.6228884548382
"Sydney",54.2,25.2878488206772,-1.19338858265466,58.8663434252464
"Sydney",54.3,25.3793007356835,-1.20089984946508,59.1104476560747
"Sydney",54.4,25.4709181890851,-1.2084256688097,59.3552022810688
"Sydney",54.5,25.5627011912046,-1.215965998211,59.6006084358349
"Sydney",54.6,25.6546497522037,-1.2235207952057,59.8466672578327
"Sydney",54.7,25.746763882081,-1.23109001734473,60.0933798863691
"Sydney",54.8,25.8390435906695,-1.23867362219326,60.3407474625908
"Sydney",54.9,25.931488887635,-1.24627156733063,60.5887711294777
"Sydney",55,26.0240997824737,-1.25388381035034,60.8374520318361
"Sydney",55.1,26.1168762845102,-1.26151030886007,61.0867913162914
"Sydney",55.2,26.2098184028952,-1.26915102048163,61.3367901312813
"Sydney",55.3,26.3029261466037,-1.27680590285095,61.5874496270489
"Sydney",55.4,26.3961995244327,-1.28447491361807,61.838770955635
"Sydney",55.5,26.4896385449989,-1.29215801044713,62.0907552708716
"Sydney",55.6,26.583243216737,-1.29985515101634,62.3434037283743
"Sydney",55.7,26.677013547897,-1.307566293018,62.5967174855354
"Sydney",55.8,26.7709495465427,-1.31529139415846,62.8506977015158
"Sydney",55.9,26.8650512205492,-1.32303041215807,63.1053455372388
"Sydney",56,26.9593185776007,-1.33078330475127,63.360662155382
"Sydney",56.1,27.0537516251886,-1.3385500296865,63.6166487203697
"Sydney",56.2,27.1483503706093,-1.3463305447262,63.873306398366
"Sydney",56.3,27.2431148209618,-1.35412480764683,64.130636357267
"Sydney",56.4,27.338044983146,-1.36193277623882,64.3886397666928
"Sydney",56.5,27.4331408638601,-1.36975440830659,64.6473177979806
"Sydney",56.6,27.528402469599,-1.37758966166855,64.9066716241766
"Sydney",56.7,27.6238298066514,-1.38543849415708,65.1667024200281
"Sydney",56.8,27.7194228810983,-1.39330086361847,65.4274113619762
"Sydney",56.9,27.8151816988106,-1.40117672791304,65.6887996281477
"Sydney",57,27.9111062654468,-1.409066044915,65.950868398347
"Sydney",57.1,28.0071965864513,-1.41696877251248,66.2136188540485
"Sydney",57.2,28.1034526670514,-1.42488486860763,66.4770521783886
"Sydney",57.3,28.1998745122561,-1.43281429111647,66.7411695561575
"Sydney",57.4,28.2964621268533,-1.44075699796895,67.0059721737909
"Sydney",57.5,28.3932155154078,-1.44871294710894,67.2714612193627
"Sydney",57.6,28.4901346822591,-1.45668209649424,67.5376378825756
"Sydney",57.7,28.5872196315193,-1.46466440409658,67.8045033547541
"Sydney",57.8,28.684470367071,-1.47265982790158,68.0720588288351
"Sydney",57.9,28.7818868925647,-1.48066832590877,68.3403054993604
"Sydney",58,28.8794692114171,-1.48868985613159,68.6092445624677
"Sydney",58.1,28.9772173268087,-1.49672437659738,68.8788772158825
"Sydney",58.2,29.0751312416815,-1.50477184534741,69.1492046589094
"Sydney",58.3,29.1732109587372,-1.51283222043681,69.4202280924239
"Sydney",58.4,29.2714564804343,-1.52090545993467,69.6919487188629
"Sydney",58.5,29.3698678089868,-1.52899152192396,69.9643677422173
"Sydney",58.6,29.4684449463612,-1.5370903645015,70.2374863680221
"Sydney",58.7,29.5671878942748,-1.54520194577813,70.5113058033483
"Sydney",58.8,29.6660966541934,-1.55332622387848,70.7858272567938
"Sydney",58.9,29.7651712273287,-1.56146315694116,71.0610519384747
"Sydney",59,29.8644116146368,-1.56961270311864,71.3369810600161
"Sydney",59.1,29.9638178168153,-1.57777482057734,71.6136158345432
"Sydney",59.2,30.0633898343014,-1.58594946749758,71.8909574766724
"Sydney",59.3,30.1631276672699,-1.59413660207359,72.1690072025018
"Sydney",59.4,30.2630313156305,-1.60233618251352,72.4477662296025
"Sydney",59.5,30.3631007790258,-1.61054816703945,72.7272357770089
"Sydney",59.6,30.4633360568292,-1.61877251388737,73.0074170652098
"Sydney",59.7,30.5637371481427,-1.6270091813072,73.2883113161387
"Sydney",59.8,30.6643040517941,-1.63525812756282,73.5699197531649
"Sydney",59.9,30.7650367663356,-1.64351931093203,73.8522436010833
"Sydney",60,30.8659352900408,-1.65179268970654,74.1352840861055
"Sydney",60.1,30.9669996209031,-1.66007822219209,74.41904243585
"Sydney",60.2,31.0682297566331,-1.66837586670828,74.7035198793324
"Sydney",60.3,31.1696256946564,-1.67668558158874,74.9887176469562
"Sydney",60.4,31.2711874321112,-1.68500732518102,75.2746369705021
"Sydney",60.5,31.3729149658465,-1.69334105584665,75.5612790831192
"Sydney",60.6,31.4748082924194,-1.70168673196116,75.8486452193148
"Sydney",60.7,31.576867408093,-1.71004431191404,76.1367366149438
"Sydney",60.8,31.6790923088344,-1.71841375410878,76.4255545071997
"Sydney",60.9,31.7814829903119,-1.72679501696285,76.7151001346038
"Sydney",61,31.8840394478931,-1.73518805890776,77.0053747369956
"Sydney",61.1,31.9867616766427,-1.74359283838897,77.2963795555218
"Sydney",61.2,32.08964967132,-1.75200931386605,77.5881158326274
"Sydney",61.3,32.1927034263767,-1.76043744381252,77.8805848120438
"Sydney",61.4,32.2959229359547,-1.76887718671599,78.1737877387797
"Sydney",61.5,32.3993081938837,-1.77732850107806,78.4677258591099
"Sydney",61.6,32.5028591936791,-1.78579134541443,78.7624004205651
"Sydney",61.7,32.6065759285396,-1.79426567825484,79.0578126719215
"Sydney",61.8,32.7104583913448,-1.8027514581431,79.3539638631897
"Sydney",61.9,32.8145065746531,-1.81124864363711,79.6508552456042
"Sydney",62,32.9187204706995,-1.81975719330887,79.9484880716131
"Sydney",62.1,33.0231000713928,-1.82827706574443,80.2468635948665
"Sydney",62.2,33.1276453683141,-1.83680821954402,80.5459830702062
"Sydney",62.3,33.2323563527138,-1.84535061332194,80.8458477536544
"Sydney",62.4,33.3372330155094,-1.85390420570662,81.1464589024029
"Sydney",62.5,33.4422753472838,-1.86246895534067,81.4478177748019
"Sydney",62.6,33.5474833382822,-1.8710448208808,81.7499256303488
"Sydney",62.7,33.6528569784101,-1.8796317609979,82.0527837296774
"Sydney",62.8,33.7583962572314,-1.88822973437704,82.3563933345459
"Sydney",62.9,33.8641011639654,-1.89683869971748,82.6607557078261
"Sydney",63,33.9699716874848,-1.90545861573267,82.9658721134918
"Sydney",63.1,34.0760078163135,-1.9140894411502,83.2717438166072
"Sydney",63.2,34.1822095386242,-1.922731134712,83.5783720833157
"Sydney",63.3,34.2885768422357,-1.9313836551741,83.885758180828
"Sydney",63.4,34.3951097146114,-1.94004696130687,84.1939033774102
"Sydney",63.5,34.501808142856,-1.94872101189488,84.5028089423727
"Sydney",63.6,34.6086721137139,-1.95740576573697,84.8124761460576
"Sydney",63.7,34.7157016135666,-1.96610118164627,85.1229062598276
"Sydney",63.8,34.8228966284303,-1.97480721845018,85.4341005560531
"Sydney",63.9,34.9302571439535,-1.98352383499041,85.7460603081011
"Sydney",64,35.0377831454151,-1.99225099012299,86.0587867903225
"Sydney",64.1,35.1454746177213,-2.00098864271826,86.3722812780401
"Sydney",64.2,35.2533315454042,-2.0097367516609,86.6865450475365
"Sydney",64.3,35.3613539126184,-2.01849527584995,87.0015793760414
"Sydney",64.4,35.4695417031395,-2.02726417419883,87.3173855417196
"Sydney",64.5,35.5778949003613,-2.03604340563529,87.6339648236583
"Sydney",64.6,35.6864134872937,-2.04483292910151,87.9513185018548
"Sydney",64.7,35.79509744656,-2.05363270355408,88.2694478572035
"Sydney",64.8,35.9039467603949,-2.06244268796395,88.588354171484
"Sydney",64.9,36.0129614106419,-2.07126284131657,88.908038727347
"Sydney",65,36.1221413787508,-2.08009312261178,89.228502808303
"Sydney",65.1,36.2314866457759,-2.08893349086393,89.5497476987085
"Sydney",65.2,36.3409971923729,-2.09778390510179,89.8717746837533
"Sydney",65.3,36.4506729987971,-2.10664432436866,90.1945850494474
"Sydney",65.4,36.5605140449007,-2.11551470772229,90.5181800826076
"Sydney",65.5,36.6705203101304,-2.12439501423497,90.8425610708449
"Sydney",65.6,36.7806917735252,-2.13328520299355,91.1677293025511
"Sydney",65.7,36.891028413714,-2.14218523309936,91.493686066885
"Sydney",65.8,37.001530208913,-2.15109506366833,91.8204326537593
"Sydney",65.9,37.1121971369236,-2.16001465383093,92.1479703538272
"Sydney",66,37.2230291751295,-2.16894396273224,92.4763004584688
"Sydney",66.1,37.3340263004951,-2.17788294953194,92.8054242597773
"Sydney",66.2,37.4451884895624,-2.18683157340428,93.1353430505454
"Sydney",66.3,37.5565157184488,-2.19578979353819,93.4660581242514
"Sydney",66.4,37.6680079628447,-2.20475756913723,93.7975707750456
"Sydney",66.5,37.7796651980113,-2.21373485941958,94.129882297736
"Sydney",66.6,37.8914873987779,-2.22272162361814,94.4629939877747
"Sydney",66.7,38.0034745395395,-2.23171782098048,94.7969071412431
"Sydney",66.8,38.1156265942546,-2.24072341076887,95.1316230548388
"Sydney",66.9,38.2279435364427,-2.24973835226028,95.46714302586
"Sydney",67,38.3404253391815,-2.25876260474644,95.8034683521924
"Sydney",67.1,38.4530719751053,-2.26779612753381,96.1406003322941
"Sydney",67.2,38.5658834164016,-2.2768388799436,96.4785402651813
"Sydney",67.3,38.6788596348095,-2.28589082131183,96.8172894504136
"Sydney",67.4,38.7920006016166,-2.29495191098928,97.1568491880795
"Sydney",67.5,38.9053062876571,-2.30402210834156,97.4972207787816
"Sydney",67.6,39.0187766633091,-2.31310137274907,97.8384055236219
"Sydney",67.7,39.1324116984921,-2.32218966360709,98.1804047241867
"Sydney",67.8,39.2462113626647,-2.33128694032573,98.5232196825319
"Sydney",67.9,39.360175624822,-2.34039316232993,98.8668517011674
"Sydney",68,39.4743044534935,-2.34950828905959,99.2113020830427
"Sydney",68.1,39.5885978167402,-2.35863227996944,99.5565721315313
"Sydney",68.2,39.7030556821523,-2.36776509452917,99.9026631504153
"Sydney",68.3,39.8176780168471,-2.37690669222337,100.24957644387
"Sydney",68.4,39.9324647874657,-2.38605703255158,100.59731331645
"Sydney",68.5,40.0474159601715,-2.39521607502831,100.94587507307
"Sydney",68.6,40.1625315006473,-2.40438377918303,101.295263018992
"Sydney",68.7,40.2778113740925,-2.41356010456021,101.64547845981
"Sydney",68.8,40.3932555452214,-2.42274501071932,101.996522701434
"Sydney",68.9,40.5088639782599,-2.43193845723486,102.34839705007
"Sydney",69,40.6246366369437,-2.44114040369635,102.701102812211
"Sydney",69.1,40.7405734845153,-2.45035080970839,103.054641294616
"Sydney",69.2,40.8566744837221,-2.45956963489062,103.409013804293
"Sydney",69.3,40.9729395968132,-2.46879683887776,103.764221648489
"Sydney",69.4,41.0893687855376,-2.47803238131966,104.120266134667
"Sydney",69.5,41.2059620111411,-2.48727622188125,104.477148570493
"Sydney",69.6,41.3227192343645,-2.49652832024262,104.834870263819
"Sydney",69.7,41.4396404154404,-2.50578863609896,105.193432522665
"Sydney",69.8,41.5567255140913,-2.51505712916068,105.552836655207
"Sydney",69.9,41.6739744895266,-2.52433375915332,105.913083969752
"Sydney",70,41.7913873004404,-2.5336184858176,106.274175774731
"Sydney",70.1,41.908963905009,-2.54291126890952,106.636113378675
"Sydney",70.2,42.0267042608884,-2.55221206820022,106.998898090198
"Sydney",70.3,42.1446083252115,-2.56152084347613,107.362531217986
"Sydney",70.4,42.262676054586,-2.57083755453889,107.727014070775
"Sydney",70.5,42.3809074050917,-2.58016216120543,108.092347957332
"Sydney",70.6,42.4993023322778,-2.589494623308,108.458534186444
"Sydney",70.7,42.6178607911607,-2.59883490069408,108.825574066894
"Sydney",70.8,42.7365827362215,-2.60818295322651,109.193468907449
"Sydney",70.9,42.8554681214031,-2.61753874078344,109.562220016839
"Sydney",71,42.9745169001079,-2.62690222325838,109.931828703738
"Sydney",71.1,43.0937290251956,-2.63627336056017,110.302296276751
"Sydney",71.2,43.2131044489799,-2.64565211261308,110.673624044393
"Sydney",71.3,43.3326431232269,-2.65503843935672,111.045813315071
"Sydney",71.4,43.4523449991516,-2.66443230074611,111.418865397067
"Sydney",71.5,43.5722100274162,-2.67383365675172,111.792781598517
"Sydney",71.6,43.6922381581272,-2.68324246735945,112.167563227399
"Sydney",71.7,43.8124293408326,-2.69265869257062,112.543211591507
"Sydney",71.8,43.93278352452,-2.70208229240203,112.91972799844
"Sydney",71.9,44.0533006576135,-2.711513226886,113.297113755576
"Sydney",72,44.1739806879712,-2.72095145607028,113.675370170061
"Sydney",72.1,44.2948235628831,-2.73039694001818,114.054498548783
"Sydney",72.2,44.4158292290681,-2.73984963880853,114.434500198359
"Sydney",72.3,44.5369976326715,-2.74930951253568,114.815376425114
"Sydney",72.4,44.6583287192626,-2.75877652130957,115.19712853506
"Sydney",72.5,44.779822433832,-2.76825062525565,115.57975783388
"Sydney",72.6,44.9014787207894,-2.77773178451505,115.963265626909
"Sydney",72.7,45.0232975239604,-2.7872199592444,116.347653219111
"Sydney",72.8,45.1452787865845,-2.79671510961602,116.732921915064
"Sydney",72.9,45.2674224513121,-2.80621719581781,117.119073018937
"Sydney",73,45.3897284602024,-2.81572617805335,117.506107834474
"Sydney",73.1,45.5121967547204,-2.82524201654185,117.894027664971
"Sydney",73.2,45.6348272757345,-2.83476467151823,118.282833813257
"Sydney",73.3,45.7576199635141,-2.84429410323307,118.672527581678
"Sydney",73.4,45.8805747577266,-2.85383027195265,119.063110272072
"Sydney",73.5,46.0036915974352,-2.86337313795898,119.45458318575
"Sydney",73.6,46.1269704210962,-2.87292266154979,119.84694762348
"Sydney",73.7,46.2504111665564,-2.88247880303859,120.24020488546
"Sydney",73.8,46.3740137710504,-2.89204152275461,120.634356271305
"Sydney",73.9,46.4977781711981,-2.90161078104285,121.02940308002
"Sydney",74,46.6217043030024,-2.91118653826414,121.425346609985
"Sydney",74.1,46.745792101846,-2.92076875479508,121.822188158931
"Sydney",74.2,46.8700415024894,-2.93035739102809,122.219929023919
"Sydney",74.3,46.9944524390678,-2.93995240737144,122.618570501323
"Sydney",74.4,47.119024845089,-2.94955376424921,123.018113886805
"Sydney",74.5,47.2437586534303,-2.95916142210136,123.418560475295
"Sydney",74.6,47.3686537963363,-2.96877534138376,123.819911560973
"Sydney",74.7,47.493710205416,-2.97839548256807,124.222168437243
"Sydney",74.8,47.6189278116405,-2.98802180614195,124.625332396716
"Sydney",74.9,47.74430654534,-2.99765427260891,125.029404731185
"Sydney",75,47.8698463362016,-3.0072928424884,125.434386731606
"Sydney",75.1,47.9955471132664,-3.01693747631583,125.840279688077
"Sydney",75.2,48.1214088049268,-3.02658813464255,126.247084889812
"Sydney",75.3,48.2474313389244,-3.03624477803587,126.654803625126
"Sydney",75.4,48.3736146423468,-3.04590736707909,127.063437181408
"Sydney",75.5,48.4999586416253,-3.05557586237151,127.472986845098
"Sydney",75.6,48.626463262532,-3.06525022452843,127.883453901672
"Sydney",75.7,48.7531284301775,-3.07493041418115,128.29483963561
"Sydney",75.8,48.8799540690083,-3.08461639197705,128.707145330384
"Sydney",75.9,49.0069401028039,-3.0943081185795,129.120372268427
"Sydney",76,49.1340864546739,-3.104005554668,129.534521731116
"Sydney",76.1,49.2613930470564,-3.11370866093803,129.949594998746
"Sydney",76.2,49.3888598017141,-3.12341739810125,130.365593350511
"Sydney",76.3,49.5164866397327,-3.13313172688534,130.782518064477
"Sydney",76.4,49.6442734815176,-3.14285160803415,131.200370417562
"Sydney",76.5,49.7722202467916,-3.15257700230761,131.619151685512
"Sydney",76.6,49.900326854592,-3.1623078704818,132.038863142879
"Sydney",76.7,50.0285932232682,-3.17204417334896,132.459506062996
"Sydney",76.8,50.1570192704791,-3.18178587171748,132.881081717955
"Sydney",76.9,50.2856049131901,-3.19153292641191,133.303591378584
"Sydney",77,50.4143500676707,-3.201285298273,133.727036314421
"Sydney",77.1,50.5432546494918,-3.21104294815772,134.151417793693
"Sydney",77.2,50.6723185735231,-3.22080583693918,134.576737083293
"Sydney",77.3,50.8015417539305,-3.23057392550677,135.002995448752
"Sydney",77.4,50.9309241041732,-3.24034717476611,135.43019415422
"Sydney",77.5,51.0604655370012,-3.25012554563905,135.858334462438
"Sydney",77.6,51.1901659644526,-3.25990899906367,136.287417634717
"Sydney",77.7,51.3200252978511,-3.26969749599437,136.717444930911
"Sydney",77.8,51.4500434478032,-3.2794909974018,137.148417609396
"Sydney",77.9,51.5802203241954,-3.28928946427292,137.580336927041
"Sydney",78,51.7105558361916,-3.29909285761095,138.013204139189
"Sydney",78.1,51.8410498922309,-3.30890113843547,138.447020499627
"Sydney",78.2,51.9717024000242,-3.31871426778237,138.881787260565
"Sydney",78.3,52.1025132665519,-3.32853220670387,139.317505672609
"Sydney",78.4,52.2334823980613,-3.33835491626855,139.754176984738
"Sydney",78.5,52.3646097000638,-3.34818235756134,140.191802444276
"Sydney",78.6,52.4958950773323,-3.35801449168354,140.63038329687
"Sydney",78.7,52.6273384338982,-3.3678512797528,141.069920786463
"Sydney",78.8,52.7589396730493,-3.37769268290324,141.510416155269
"Sydney",78.9,52.8906986973268,-3.38753866228532,141.951870643747
"Sydney",79,53.0226154085224,-3.39738917906591,142.394285490577
"Sydney",79.1,53.154689707676,-3.40724419442835,142.83766193263
"Sydney",79.2,53.2869214950729,-3.41710366957234,143.28200120495
"Sydney",79.3,53.4193106702409,-3.42696756571411,143.727304540719
"Sydney",79.4,53.5518571319482,-3.43683584408629,144.173573171238
"Sydney",79.5,53.6845607781998,-3.44670846593798,144.620808325896
"Sydney",79.6,53.8174215062356,-3.45658539253475,145.069011232149
"Sydney",79.7,53.9504392125274,-3.46646658515868,145.518183115488
"Sydney",79.8,54.0836137927762,-3.47635200510833,145.968325199415
"Sydney",79.9,54.2169451419097,-3.48624161369875,146.419438705419
"Sydney",80,54.3504331540791,-3.49613537226152,146.871524852943
"Sydney",80.1,54.484077722657,-3.50603324214476,147.324584859365
"Sydney",80.2,54.6178787402345,-3.51593518471307,147.778619939964
"Sydney",80.3,54.7518360986183,-3.52584116134765,148.233631307898
"Sydney",80.4,54.8859496888284,-3.53575113344623,148.689620174174
"Sydney",80.5,55.0202194010948,-3.54566506242308,149.146587747622
"Sydney",80.6,55.1546451248554,-3.55558290970907,149.604535234868
"Sydney",80.7,55.289226748753,-3.56550463675164,150.063463840304
"Sydney",80.8,55.4239641606327,-3.57543020501482,150.523374766065
"Sydney",80.9,55.5588572475392,-3.58535957597921,150.984269211996
"Sydney",81,55.6939058957137,-3.59529271114207,151.44614837563
"Sydney",81.1,55.829109990592,-3.60522957201723,151.909013452154
"Sydney",81.2,55.9644694168011,-3.61517012013516,152.372865634386
"Sydney",81.3,56.0999840581566,-3.62511431704298,152.837706112744
"Sydney",81.4,56.2356537976604,-3.63506212430439,153.303536075218
"Sydney",81.5,56.3714785174974,-3.64501350349982,153.770356707344
"Sydney",81.6,56.5074580990332,-3.65496841622629,154.238169192172
"Sydney",81.7,56.6435924228114,-3.66492682409751,154.706974710242
"Sydney",81.8,56.7798813685506,-3.67488868874392,155.176774439549
"Sydney",81.9,56.916324815142,-3.68485397181251,155.64756955552
"Sydney",82,57.0529226406463,-3.69482263496707,156.119361230984
"Sydney",82.1,57.1896747222914,-3.70479463988804,156.592150636139
"Sydney",82.2,57.3265809364694,-3.71476994827262,157.065938938528
"Sydney",82.3,57.4636411587341,-3.72474852183463,157.540727303007
"Sydney",82.4,57.600855263798,-3.73473032230467,158.016516891715
"Sydney",82.5,57.7382231255299,-3.74471531143006,158.493308864049
"Sydney",82.6,57.8757446169519,-3.75470345097485,158.971104376627
"Sydney",82.7,58.0134196102368,-3.76469470271982,159.449904583265
"Sydney",82.8,58.1512479767055,-3.77468902846251,159.929710634945
"Sydney",82.9,58.289229586824,-3.78468639001723,160.410523679784
"Sydney",83,58.427364310201,-3.79468674921501,160.892344863004
"Sydney",83.1,58.5656520155849,-3.8046900679037,161.375175326904
"Sydney",83.2,58.7040925708611,-3.8146963079479,161.859016210828
"Sydney",83.3,58.8426858430497,-3.82470543122897,162.343868651134
"Sydney",83.4,58.981431698302,-3.83471739964508,162.829733781166
"Sydney",83.5,59.1203300018985,-3.84473217511124,163.316612731221
"Sydney",83.6,59.2593806182458,-3.85474971955918,163.80450662852
"Sydney",83.7,59.398583410874,-3.86476999493749,164.293416597176
"Sydney",83.8,59.5379382424338,-3.87479296321153,164.783343758164
"Sydney",83.9,59.6774449746941,-3.88481858636355,165.274289229288
"Sydney",84,59.817103468539,-3.89484682639254,165.766254125153
"Sydney",84.1,59.9569135839649,-3.9048776453144,166.259239557131
"Sydney",84.2,60.0968751800785,-3.91491100516183,166.753246633331
"Sydney",84.3,60.2369881150932,-3.92494686798434,167.248276458568
"Sydney",84.4,60.3772522463269,-3.93498519584836,167.744330134329
"Sydney",84.5,60.5176674301991,-3.94502595083712,168.241408758744
"Sydney",84.6,60.6582335222283,-3.95506909505071,168.739513426552
"Sydney",84.7,60.7989503770289,-3.96511459060612,169.23864522907
"Sydney",84.8,60.9398178483092,-3.97516239963717,169.738805254163
"Sydney",84.9,61.0808357888676,-3.98521248429456,170.239994586208
"Sydney",85,61.2220040505911,-3.9952648067459,170.742214306063
"Sydney",85.1,61.3633224844514,-4.00531932917565,171.245465491036
"Sydney",85.2,61.5047909405032,-4.01537601378515,171.749749214851
"Sydney",85.3,61.6464092678805,-4.02543482279267,172.255066547616
"Sydney",85.4,61.7881773147949,-4.03549571843336,172.761418555792
"Sydney",85.5,61.9300949285317,-4.04555866295925,173.268806302155
"Sydney",85.6,62.0721619554483,-4.05562361863927,173.777230845768
"Sydney",85.7,62.2143782409707,-4.06569054775935,174.286693241947
"Sydney",85.8,62.3567436295911,-4.07575941262219,174.797194542224
"Sydney",85.9,62.4992579648652,-4.08583017554753,175.308735794321
"Sydney",86,62.6419210894089,-4.09590279887195,175.821318042107
"Sydney",86.1,62.7847328448967,-4.10597724494902,176.334942325575
"Sydney",86.2,62.9276930720578,-4.11605347614917,176.849609680799
"Sydney",86.3,63.0708016106741,-4.12613145485979,177.365321139905
"Sydney",86.4,63.2140582995772,-4.13621114348527,177.882077731037
"Sydney",86.5,63.3574629766456,-4.1462925044468,178.399880478323
"Sydney",86.6,63.5010154788022,-4.15637550018266,178.918730401838
"Sydney",86.7,63.6447156420114,-4.16646009314793,179.438628517572
"Sydney",86.8,63.7885633012764,-4.17654624581476,179.959575837398
"Sydney",86.9,63.9325582906366,-4.1866339206722,180.481573369033
"Sydney",87,64.0767004431644,-4.19672308022624,181.004622116004
"Sydney",87.1,64.2209895909634,-4.20681368699983,181.528723077618
"Sydney",87.2,64.3654255651646,-4.21690570353289,182.053877248922
"Sydney",87.3,64.5100081959244,-4.22699909238231,182.58008562067
"Sydney",87.4,64.6547373124216,-4.23709381612191,183.107349179288
"Sydney",87.5,64.7996127428547,-4.24718983734249,183.635668906838
"Sydney",87.6,64.9446343144392,-4.25728711865184,184.165045780986
"Sydney",87.7,65.0898018534049,-4.26738562267467,184.69548077496
"Sydney",87.8,65.2351151849931,-4.27748531205272,185.226974857522
"Sydney",87.9,65.3805741334539,-4.28758614944463,185.759528992927
"Sydney",88,65.5261785220435,-4.29768809752609,186.293144140891
"Sydney",88.1,65.6719281730216,-4.3077911189897,186.827821256549
"Sydney",88.2,65.8178229076482,-4.31789517654507,187.363561290429
"Sydney",88.3,65.9638625461814,-4.32800023291879,187.900365188406
"Sydney",88.4,66.1100469078749,-4.33810625085441,188.438233891673
"Sydney",88.5,66.2563758109741,-4.34821319311249,188.977168336698
"Sydney",88.6,66.4028490727148,-4.35832102247053,189.517169455194
"Sydney",88.7,66.5494665093195,-4.36842970172304,190.05823817408
"Sydney",88.8,66.6962279359951,-4.37853919368153,190.600375415443
"Sydney",88.9,66.8431331669302,-4.38864946117443,191.143582096502
"Sydney",89,66.9901820152922,-4.39876046704723,191.687859129572
"Sydney",89.1,67.1373742932246,-4.40887217416233,192.233207422026
"Sydney",89.2,67.2847098118444,-4.41898454539917,192.779627876259
"Sydney",89.3,67.4321883812395,-4.42909754365416,193.327121389649
"Sydney",89.4,67.5798098104656,-4.4392111318407,193.875688854522
"Sydney",89.5,67.7275739075439,-4.44932527288915,194.425331158111
"Sydney",89.6,67.875480479458,-4.45943992974687,194.976049182524
"Sydney",89.7,68.0235293321516,-4.46955506537822,195.5278438047
"Sydney",89.8,68.1717202705255,-4.4796706427645,196.080715896376
"Sydney",89.9,68.320053098435,-4.48978662490405,196.634666324046
"Sydney",90,68.4685276186872,-4.49990297481215,197.189695948924
"Sydney",90.1,68.6171436330381,-4.51001965552108,197.745805626909
"Sydney",90.2,68.7659009421903,-4.52013663008012,198.302996208541
"Sydney",90.3,68.91479934579,-4.53025386155546,198.861268538965
"Sydney",90.4,69.0638386424243,-4.54037131303035,199.420623457896
"Sydney",90.5,69.2130186296187,-4.55048894760499,199.981061799574
"Sydney",90.6,69.362339103834,-4.56060672839654,200.542584392732
"Sydney",90.7,69.5117998604642,-4.57072461853916,201.105192060552
"Sydney",90.8,69.6614006938333,-4.58084258118396,201.668885620627
"Sydney",90.9,69.8111413971928,-4.59096057949906,202.233665884926
"Sydney",91,69.961021762719,-4.60107857666948,202.799533659748
"Sydney",91.1,70.1110415815103,-4.61119653589731,203.36648974569
"Sydney",91.2,70.2612006435846,-4.62131442040152,203.934534937601
"Sydney",91.3,70.4114987378764,-4.63143219341808,204.503670024549
"Sydney",91.4,70.5619356522345,-4.64154981819994,205.073895789776
"Sydney",91.5,70.7125111734186,-4.65166725801697,205.645213010659
"Sydney",91.6,70.8632250870974,-4.66178447615603,206.217622458674
"Sydney",91.7,71.0140771778456,-4.67190143592091,206.791124899352
"Sydney",91.8,71.1650672291412,-4.68201810063239,207.365721092242
"Sydney",91.9,71.3161950233628,-4.69213443362818,207.941411790869
"Sydney",92,71.4674603417869,-4.70225039826294,208.518197742692
"Sydney",92.1,71.6188629645855,-4.71236595790827,209.096079689068
"Sydney",92.2,71.770402670823,-4.72248107595269,209.675058365209
"Sydney",92.3,71.9220792384539,-4.7325957158017,210.255134500141
"Sydney",92.4,72.07389244432,-4.74270984087775,210.836308816663
"Sydney",92.5,72.2258420641477,-4.75282341462013,211.41858203131
"Sydney",92.6,72.3779278725453,-4.76293640048517,212.001954854305
"Sydney",92.7,72.5301496430005,-4.77304876194604,212.586427989527
"Sydney",92.8,72.6825071478776,-4.7831604624929,213.172002134461
"Sydney",92.9,72.835000158415,-4.79327146563277,213.758677980163
"Sydney",93,72.9876284447222,-4.8033817348896,214.346456211215
